solid vcg
  facet normal  3.568218e-01  9.341725e-01  0.000000e+00
    outer loop
      vertex   2.397642e-02  5.477895e-02  4.939415e-03
      vertex   2.397642e-02  5.477895e-02 -4.939415e-03
      vertex   1.598428e-02  5.783167e-02  0.000000e+00
    endloop
  endfacet
  facet normal -3.568218e-01  9.341725e-01  0.000000e+00
    outer loop
      vertex  -2.397642e-02  5.477895e-02 -4.939415e-03
      vertex  -2.397642e-02  5.477895e-02  4.939415e-03
      vertex  -1.598428e-02  5.783167e-02  0.000000e+00
    endloop
  endfacet
  facet normal  3.568218e-01 -9.341725e-01  0.000000e+00
    outer loop
      vertex   2.397642e-02 -5.477895e-02 -4.939415e-03
      vertex   2.397642e-02 -5.477895e-02  4.939415e-03
      vertex   1.598428e-02 -5.783167e-02  0.000000e+00
    endloop
  endfacet
  facet normal -3.568218e-01 -9.341725e-01 -0.000000e+00
    outer loop
      vertex  -2.397642e-02 -5.477895e-02  4.939415e-03
      vertex  -2.397642e-02 -5.477895e-02 -4.939415e-03
      vertex  -1.598428e-02 -5.783167e-02  0.000000e+00
    endloop
  endfacet
  facet normal  9.341725e-01  0.000000e+00 -3.568218e-01
    outer loop
      vertex   5.477895e-02 -4.939415e-03 -2.397642e-02
      vertex   5.477895e-02  4.939415e-03 -2.397642e-02
      vertex   5.783167e-02  0.000000e+00 -1.598428e-02
    endloop
  endfacet
  facet normal  9.341725e-01  0.000000e+00  3.568218e-01
    outer loop
      vertex   5.477895e-02  4.939415e-03  2.397642e-02
      vertex   5.477895e-02 -4.939415e-03  2.397642e-02
      vertex   5.783167e-02  0.000000e+00  1.598428e-02
    endloop
  endfacet
  facet normal -9.341725e-01  0.000000e+00  3.568218e-01
    outer loop
      vertex  -5.477895e-02 -4.939415e-03  2.397642e-02
      vertex  -5.477895e-02  4.939415e-03  2.397642e-02
      vertex  -5.783167e-02  0.000000e+00  1.598428e-02
    endloop
  endfacet
  facet normal -9.341725e-01 -0.000000e+00 -3.568218e-01
    outer loop
      vertex  -5.477895e-02  4.939415e-03 -2.397642e-02
      vertex  -5.477895e-02 -4.939415e-03 -2.397642e-02
      vertex  -5.783167e-02  0.000000e+00 -1.598428e-02
    endloop
  endfacet
  facet normal  0.000000e+00 -3.568218e-01  9.341725e-01
    outer loop
      vertex  -4.939415e-03 -2.397642e-02  5.477895e-02
      vertex   4.939415e-03 -2.397642e-02  5.477895e-02
      vertex   0.000000e+00 -1.598428e-02  5.783167e-02
    endloop
  endfacet
  facet normal  0.000000e+00  3.568218e-01  9.341725e-01
    outer loop
      vertex   4.939415e-03  2.397642e-02  5.477895e-02
      vertex  -4.939415e-03  2.397642e-02  5.477895e-02
      vertex   0.000000e+00  1.598428e-02  5.783167e-02
    endloop
  endfacet
  facet normal  0.000000e+00  3.568218e-01 -9.341725e-01
    outer loop
      vertex  -4.939415e-03  2.397642e-02 -5.477895e-02
      vertex   4.939415e-03  2.397642e-02 -5.477895e-02
      vertex   0.000000e+00  1.598428e-02 -5.783167e-02
    endloop
  endfacet
  facet normal -0.000000e+00 -3.568218e-01 -9.341725e-01
    outer loop
      vertex   4.939415e-03 -2.397642e-02 -5.477895e-02
      vertex  -4.939415e-03 -2.397642e-02 -5.477895e-02
      vertex   0.000000e+00 -1.598428e-02 -5.783167e-02
    endloop
  endfacet
  facet normal  5.773503e-01  5.773503e-01  5.773503e-01
    outer loop
      vertex   3.879467e-02  3.080253e-02  3.385525e-02
      vertex   3.385525e-02  3.879467e-02  3.080253e-02
      vertex   3.080253e-02  3.385525e-02  3.879467e-02
    endloop
  endfacet
  facet normal -5.773503e-01  5.773503e-01  5.773503e-01
    outer loop
      vertex  -3.879467e-02  3.080253e-02  3.385525e-02
      vertex  -3.080253e-02  3.385525e-02  3.879467e-02
      vertex  -3.385525e-02  3.879467e-02  3.080253e-02
    endloop
  endfacet
  facet normal  5.773503e-01  5.773503e-01 -5.773503e-01
    outer loop
      vertex   3.879467e-02  3.080253e-02 -3.385525e-02
      vertex   3.080253e-02  3.385525e-02 -3.879467e-02
      vertex   3.385525e-02  3.879467e-02 -3.080253e-02
    endloop
  endfacet
  facet normal -5.773503e-01  5.773503e-01 -5.773503e-01
    outer loop
      vertex  -3.879467e-02  3.080253e-02 -3.385525e-02
      vertex  -3.385525e-02  3.879467e-02 -3.080253e-02
      vertex  -3.080253e-02  3.385525e-02 -3.879467e-02
    endloop
  endfacet
  facet normal  5.773503e-01 -5.773503e-01  5.773503e-01
    outer loop
      vertex   3.879467e-02 -3.080253e-02  3.385525e-02
      vertex   3.080253e-02 -3.385525e-02  3.879467e-02
      vertex   3.385525e-02 -3.879467e-02  3.080253e-02
    endloop
  endfacet
  facet normal -5.773503e-01 -5.773503e-01  5.773503e-01
    outer loop
      vertex  -3.879467e-02 -3.080253e-02  3.385525e-02
      vertex  -3.385525e-02 -3.879467e-02  3.080253e-02
      vertex  -3.080253e-02 -3.385525e-02  3.879467e-02
    endloop
  endfacet
  facet normal  5.773503e-01 -5.773503e-01 -5.773503e-01
    outer loop
      vertex   3.879467e-02 -3.080253e-02 -3.385525e-02
      vertex   3.385525e-02 -3.879467e-02 -3.080253e-02
      vertex   3.080253e-02 -3.385525e-02 -3.879467e-02
    endloop
  endfacet
  facet normal -5.773503e-01 -5.773503e-01 -5.773503e-01
    outer loop
      vertex  -3.879467e-02 -3.080253e-02 -3.385525e-02
      vertex  -3.080253e-02 -3.385525e-02 -3.879467e-02
      vertex  -3.385525e-02 -3.879467e-02 -3.080253e-02
    endloop
  endfacet
  facet normal  1.811512e-01  9.403265e-01 -2.880459e-01
    outer loop
      vertex   7.967549e-03  5.798356e-02 -1.320702e-02
      vertex   1.584496e-02  5.497465e-02 -1.807553e-02
      vertex   7.899322e-03  5.545827e-02 -2.149373e-02
    endloop
  endfacet
  facet normal  1.811512e-01  9.403264e-01  2.880459e-01
    outer loop
      vertex   7.899322e-03  5.545827e-02  2.149373e-02
      vertex   1.584496e-02  5.497465e-02  1.807553e-02
      vertex   7.967549e-03  5.798356e-02  1.320702e-02
    endloop
  endfacet
  facet normal  6.472178e-01  7.623051e-01  0.000000e+00
    outer loop
      vertex   3.721437e-02  4.681226e-02  4.868511e-03
      vertex   4.267690e-02  4.217442e-02  0.000000e+00
      vertex   3.721437e-02  4.681226e-02 -4.868511e-03
    endloop
  endfacet
  facet normal -1.811512e-01  9.403265e-01  2.880459e-01
    outer loop
      vertex  -7.967549e-03  5.798356e-02  1.320702e-02
      vertex  -1.584496e-02  5.497465e-02  1.807553e-02
      vertex  -7.899322e-03  5.545827e-02  2.149373e-02
    endloop
  endfacet
  facet normal -1.811512e-01  9.403264e-01 -2.880459e-01
    outer loop
      vertex  -7.899322e-03  5.545827e-02 -2.149373e-02
      vertex  -1.584496e-02  5.497465e-02 -1.807553e-02
      vertex  -7.967549e-03  5.798356e-02 -1.320702e-02
    endloop
  endfacet
  facet normal -6.472178e-01  7.623051e-01  0.000000e+00
    outer loop
      vertex  -3.721437e-02  4.681226e-02 -4.868511e-03
      vertex  -4.267690e-02  4.217442e-02  0.000000e+00
      vertex  -3.721437e-02  4.681226e-02  4.868511e-03
    endloop
  endfacet
  facet normal  1.811512e-01 -9.403265e-01  2.880459e-01
    outer loop
      vertex   7.967549e-03 -5.798356e-02  1.320702e-02
      vertex   1.584496e-02 -5.497465e-02  1.807553e-02
      vertex   7.899322e-03 -5.545827e-02  2.149373e-02
    endloop
  endfacet
  facet normal  1.811512e-01 -9.403264e-01 -2.880459e-01
    outer loop
      vertex   7.899322e-03 -5.545827e-02 -2.149373e-02
      vertex   1.584496e-02 -5.497465e-02 -1.807553e-02
      vertex   7.967549e-03 -5.798356e-02 -1.320702e-02
    endloop
  endfacet
  facet normal  6.472178e-01 -7.623051e-01  0.000000e+00
    outer loop
      vertex   3.721437e-02 -4.681226e-02 -4.868511e-03
      vertex   4.267690e-02 -4.217442e-02  0.000000e+00
      vertex   3.721437e-02 -4.681226e-02  4.868511e-03
    endloop
  endfacet
  facet normal -1.811512e-01 -9.403265e-01 -2.880459e-01
    outer loop
      vertex  -7.967549e-03 -5.798356e-02 -1.320702e-02
      vertex  -1.584496e-02 -5.497465e-02 -1.807553e-02
      vertex  -7.899322e-03 -5.545827e-02 -2.149373e-02
    endloop
  endfacet
  facet normal -1.811512e-01 -9.403264e-01  2.880459e-01
    outer loop
      vertex  -7.899322e-03 -5.545827e-02  2.149373e-02
      vertex  -1.584496e-02 -5.497465e-02  1.807553e-02
      vertex  -7.967549e-03 -5.798356e-02  1.320702e-02
    endloop
  endfacet
  facet normal -6.472178e-01 -7.623051e-01 -0.000000e+00
    outer loop
      vertex  -3.721437e-02 -4.681226e-02  4.868511e-03
      vertex  -4.267690e-02 -4.217442e-02  0.000000e+00
      vertex  -3.721437e-02 -4.681226e-02 -4.868511e-03
    endloop
  endfacet
  facet normal  9.403265e-01  2.880459e-01 -1.811512e-01
    outer loop
      vertex   5.798356e-02  1.320702e-02 -7.967549e-03
      vertex   5.497465e-02  1.807553e-02 -1.584496e-02
      vertex   5.545827e-02  2.149373e-02 -7.899322e-03
    endloop
  endfacet
  facet normal  9.403264e-01 -2.880459e-01 -1.811512e-01
    outer loop
      vertex   5.545827e-02 -2.149373e-02 -7.899322e-03
      vertex   5.497465e-02 -1.807553e-02 -1.584496e-02
      vertex   5.798356e-02 -1.320702e-02 -7.967549e-03
    endloop
  endfacet
  facet normal  7.623051e-01  0.000000e+00 -6.472178e-01
    outer loop
      vertex   4.681226e-02 -4.868511e-03 -3.721437e-02
      vertex   4.217442e-02  0.000000e+00 -4.267690e-02
      vertex   4.681226e-02  4.868511e-03 -3.721437e-02
    endloop
  endfacet
  facet normal  9.403265e-01 -2.880459e-01  1.811512e-01
    outer loop
      vertex   5.798356e-02 -1.320702e-02  7.967549e-03
      vertex   5.497465e-02 -1.807553e-02  1.584496e-02
      vertex   5.545827e-02 -2.149373e-02  7.899322e-03
    endloop
  endfacet
  facet normal  9.403264e-01  2.880459e-01  1.811512e-01
    outer loop
      vertex   5.545827e-02  2.149373e-02  7.899322e-03
      vertex   5.497465e-02  1.807553e-02  1.584496e-02
      vertex   5.798356e-02  1.320702e-02  7.967549e-03
    endloop
  endfacet
  facet normal  7.623051e-01  0.000000e+00  6.472178e-01
    outer loop
      vertex   4.681226e-02  4.868511e-03  3.721437e-02
      vertex   4.217442e-02  0.000000e+00  4.267690e-02
      vertex   4.681226e-02 -4.868511e-03  3.721437e-02
    endloop
  endfacet
  facet normal -9.403265e-01  2.880459e-01  1.811512e-01
    outer loop
      vertex  -5.798356e-02  1.320702e-02  7.967549e-03
      vertex  -5.497465e-02  1.807553e-02  1.584496e-02
      vertex  -5.545827e-02  2.149373e-02  7.899322e-03
    endloop
  endfacet
  facet normal -9.403264e-01 -2.880459e-01  1.811512e-01
    outer loop
      vertex  -5.545827e-02 -2.149373e-02  7.899322e-03
      vertex  -5.497465e-02 -1.807553e-02  1.584496e-02
      vertex  -5.798356e-02 -1.320702e-02  7.967549e-03
    endloop
  endfacet
  facet normal -7.623051e-01  0.000000e+00  6.472178e-01
    outer loop
      vertex  -4.681226e-02 -4.868511e-03  3.721437e-02
      vertex  -4.217442e-02  0.000000e+00  4.267690e-02
      vertex  -4.681226e-02  4.868511e-03  3.721437e-02
    endloop
  endfacet
  facet normal -9.403265e-01 -2.880459e-01 -1.811512e-01
    outer loop
      vertex  -5.798356e-02 -1.320702e-02 -7.967549e-03
      vertex  -5.497465e-02 -1.807553e-02 -1.584496e-02
      vertex  -5.545827e-02 -2.149373e-02 -7.899322e-03
    endloop
  endfacet
  facet normal -9.403264e-01  2.880459e-01 -1.811512e-01
    outer loop
      vertex  -5.545827e-02  2.149373e-02 -7.899322e-03
      vertex  -5.497465e-02  1.807553e-02 -1.584496e-02
      vertex  -5.798356e-02  1.320702e-02 -7.967549e-03
    endloop
  endfacet
  facet normal -7.623051e-01 -0.000000e+00 -6.472178e-01
    outer loop
      vertex  -4.681226e-02  4.868511e-03 -3.721437e-02
      vertex  -4.217442e-02  0.000000e+00 -4.267690e-02
      vertex  -4.681226e-02 -4.868511e-03 -3.721437e-02
    endloop
  endfacet
  facet normal  2.880459e-01 -1.811512e-01  9.403265e-01
    outer loop
      vertex   1.320702e-02 -7.967549e-03  5.798356e-02
      vertex   1.807553e-02 -1.584496e-02  5.497465e-02
      vertex   2.149373e-02 -7.899322e-03  5.545827e-02
    endloop
  endfacet
  facet normal -2.880459e-01 -1.811512e-01  9.403264e-01
    outer loop
      vertex  -2.149373e-02 -7.899322e-03  5.545827e-02
      vertex  -1.807553e-02 -1.584496e-02  5.497465e-02
      vertex  -1.320702e-02 -7.967549e-03  5.798356e-02
    endloop
  endfacet
  facet normal  0.000000e+00 -6.472178e-01  7.623051e-01
    outer loop
      vertex  -4.868511e-03 -3.721437e-02  4.681226e-02
      vertex   0.000000e+00 -4.267690e-02  4.217442e-02
      vertex   4.868511e-03 -3.721437e-02  4.681226e-02
    endloop
  endfacet
  facet normal -2.880459e-01  1.811512e-01  9.403265e-01
    outer loop
      vertex  -1.320702e-02  7.967549e-03  5.798356e-02
      vertex  -1.807553e-02  1.584496e-02  5.497465e-02
      vertex  -2.149373e-02  7.899322e-03  5.545827e-02
    endloop
  endfacet
  facet normal  2.880459e-01  1.811512e-01  9.403264e-01
    outer loop
      vertex   2.149373e-02  7.899322e-03  5.545827e-02
      vertex   1.807553e-02  1.584496e-02  5.497465e-02
      vertex   1.320702e-02  7.967549e-03  5.798356e-02
    endloop
  endfacet
  facet normal  0.000000e+00  6.472178e-01  7.623051e-01
    outer loop
      vertex   4.868511e-03  3.721437e-02  4.681226e-02
      vertex   0.000000e+00  4.267690e-02  4.217442e-02
      vertex  -4.868511e-03  3.721437e-02  4.681226e-02
    endloop
  endfacet
  facet normal  2.880459e-01  1.811512e-01 -9.403265e-01
    outer loop
      vertex   1.320702e-02  7.967549e-03 -5.798356e-02
      vertex   1.807553e-02  1.584496e-02 -5.497465e-02
      vertex   2.149373e-02  7.899322e-03 -5.545827e-02
    endloop
  endfacet
  facet normal -2.880459e-01  1.811512e-01 -9.403264e-01
    outer loop
      vertex  -2.149373e-02  7.899322e-03 -5.545827e-02
      vertex  -1.807553e-02  1.584496e-02 -5.497465e-02
      vertex  -1.320702e-02  7.967549e-03 -5.798356e-02
    endloop
  endfacet
  facet normal  0.000000e+00  6.472178e-01 -7.623051e-01
    outer loop
      vertex  -4.868511e-03  3.721437e-02 -4.681226e-02
      vertex   0.000000e+00  4.267690e-02 -4.217442e-02
      vertex   4.868511e-03  3.721437e-02 -4.681226e-02
    endloop
  endfacet
  facet normal -2.880459e-01 -1.811512e-01 -9.403265e-01
    outer loop
      vertex  -1.320702e-02 -7.967549e-03 -5.798356e-02
      vertex  -1.807553e-02 -1.584496e-02 -5.497465e-02
      vertex  -2.149373e-02 -7.899322e-03 -5.545827e-02
    endloop
  endfacet
  facet normal  2.880459e-01 -1.811512e-01 -9.403264e-01
    outer loop
      vertex   2.149373e-02 -7.899322e-03 -5.545827e-02
      vertex   1.807553e-02 -1.584496e-02 -5.497465e-02
      vertex   1.320702e-02 -7.967549e-03 -5.798356e-02
    endloop
  endfacet
  facet normal -0.000000e+00 -6.472178e-01 -7.623051e-01
    outer loop
      vertex   4.868511e-03 -3.721437e-02 -4.681226e-02
      vertex   0.000000e+00 -4.267690e-02 -4.217442e-02
      vertex  -4.868511e-03 -3.721437e-02 -4.681226e-02
    endloop
  endfacet
  facet normal  2.931087e-01  7.591755e-01  5.811539e-01
    outer loop
      vertex   1.776027e-02  4.213859e-02  3.884471e-02
      vertex   2.076918e-02  4.700710e-02  3.096730e-02
      vertex   1.278137e-02  4.755895e-02  3.427510e-02
    endloop
  endfacet
  facet normal  5.811539e-01  2.931087e-01  7.591755e-01
    outer loop
      vertex   3.427510e-02  1.278137e-02  4.755895e-02
      vertex   3.884471e-02  1.776027e-02  4.213859e-02
      vertex   3.096730e-02  2.076918e-02  4.700710e-02
    endloop
  endfacet
  facet normal  7.591753e-01  5.811540e-01  2.931091e-01
    outer loop
      vertex   4.700710e-02  3.096730e-02  2.076918e-02
      vertex   4.755896e-02  3.427510e-02  1.278137e-02
      vertex   4.213859e-02  3.884471e-02  1.776027e-02
    endloop
  endfacet
  facet normal -2.931087e-01  7.591755e-01  5.811539e-01
    outer loop
      vertex  -2.076918e-02  4.700710e-02  3.096730e-02
      vertex  -1.776027e-02  4.213859e-02  3.884471e-02
      vertex  -1.278137e-02  4.755895e-02  3.427510e-02
    endloop
  endfacet
  facet normal -7.591753e-01  5.811539e-01  2.931091e-01
    outer loop
      vertex  -4.755896e-02  3.427510e-02  1.278137e-02
      vertex  -4.700710e-02  3.096730e-02  2.076918e-02
      vertex  -4.213859e-02  3.884471e-02  1.776027e-02
    endloop
  endfacet
  facet normal -5.811539e-01  2.931087e-01  7.591755e-01
    outer loop
      vertex  -3.884471e-02  1.776027e-02  4.213859e-02
      vertex  -3.427510e-02  1.278137e-02  4.755895e-02
      vertex  -3.096730e-02  2.076918e-02  4.700710e-02
    endloop
  endfacet
  facet normal  2.931087e-01  7.591755e-01 -5.811539e-01
    outer loop
      vertex   2.076918e-02  4.700710e-02 -3.096730e-02
      vertex   1.776027e-02  4.213859e-02 -3.884471e-02
      vertex   1.278137e-02  4.755895e-02 -3.427510e-02
    endloop
  endfacet
  facet normal  7.591753e-01  5.811539e-01 -2.931091e-01
    outer loop
      vertex   4.755896e-02  3.427510e-02 -1.278137e-02
      vertex   4.700710e-02  3.096730e-02 -2.076918e-02
      vertex   4.213859e-02  3.884471e-02 -1.776027e-02
    endloop
  endfacet
  facet normal  5.811539e-01  2.931087e-01 -7.591755e-01
    outer loop
      vertex   3.884471e-02  1.776027e-02 -4.213859e-02
      vertex   3.427510e-02  1.278137e-02 -4.755895e-02
      vertex   3.096730e-02  2.076918e-02 -4.700710e-02
    endloop
  endfacet
  facet normal -2.931087e-01  7.591755e-01 -5.811539e-01
    outer loop
      vertex  -1.776027e-02  4.213859e-02 -3.884471e-02
      vertex  -2.076918e-02  4.700710e-02 -3.096730e-02
      vertex  -1.278137e-02  4.755895e-02 -3.427510e-02
    endloop
  endfacet
  facet normal -5.811539e-01  2.931087e-01 -7.591755e-01
    outer loop
      vertex  -3.427510e-02  1.278137e-02 -4.755895e-02
      vertex  -3.884471e-02  1.776027e-02 -4.213859e-02
      vertex  -3.096730e-02  2.076918e-02 -4.700710e-02
    endloop
  endfacet
  facet normal -7.591753e-01  5.811540e-01 -2.931091e-01
    outer loop
      vertex  -4.700710e-02  3.096730e-02 -2.076918e-02
      vertex  -4.755896e-02  3.427510e-02 -1.278137e-02
      vertex  -4.213859e-02  3.884471e-02 -1.776027e-02
    endloop
  endfacet
  facet normal  2.931087e-01 -7.591755e-01  5.811539e-01
    outer loop
      vertex   2.076918e-02 -4.700710e-02  3.096730e-02
      vertex   1.776027e-02 -4.213859e-02  3.884471e-02
      vertex   1.278137e-02 -4.755895e-02  3.427510e-02
    endloop
  endfacet
  facet normal  7.591753e-01 -5.811539e-01  2.931091e-01
    outer loop
      vertex   4.755896e-02 -3.427510e-02  1.278137e-02
      vertex   4.700710e-02 -3.096730e-02  2.076918e-02
      vertex   4.213859e-02 -3.884471e-02  1.776027e-02
    endloop
  endfacet
  facet normal  5.811539e-01 -2.931087e-01  7.591755e-01
    outer loop
      vertex   3.884471e-02 -1.776027e-02  4.213859e-02
      vertex   3.427510e-02 -1.278137e-02  4.755895e-02
      vertex   3.096730e-02 -2.076918e-02  4.700710e-02
    endloop
  endfacet
  facet normal -2.931087e-01 -7.591755e-01  5.811539e-01
    outer loop
      vertex  -1.776027e-02 -4.213859e-02  3.884471e-02
      vertex  -2.076918e-02 -4.700710e-02  3.096730e-02
      vertex  -1.278137e-02 -4.755895e-02  3.427510e-02
    endloop
  endfacet
  facet normal -5.811539e-01 -2.931087e-01  7.591755e-01
    outer loop
      vertex  -3.427510e-02 -1.278137e-02  4.755895e-02
      vertex  -3.884471e-02 -1.776027e-02  4.213859e-02
      vertex  -3.096730e-02 -2.076918e-02  4.700710e-02
    endloop
  endfacet
  facet normal -7.591753e-01 -5.811540e-01  2.931091e-01
    outer loop
      vertex  -4.700710e-02 -3.096730e-02  2.076918e-02
      vertex  -4.755896e-02 -3.427510e-02  1.278137e-02
      vertex  -4.213859e-02 -3.884471e-02  1.776027e-02
    endloop
  endfacet
  facet normal  2.931087e-01 -7.591755e-01 -5.811539e-01
    outer loop
      vertex   1.776027e-02 -4.213859e-02 -3.884471e-02
      vertex   2.076918e-02 -4.700710e-02 -3.096730e-02
      vertex   1.278137e-02 -4.755895e-02 -3.427510e-02
    endloop
  endfacet
  facet normal  5.811539e-01 -2.931087e-01 -7.591755e-01
    outer loop
      vertex   3.427510e-02 -1.278137e-02 -4.755895e-02
      vertex   3.884471e-02 -1.776027e-02 -4.213859e-02
      vertex   3.096730e-02 -2.076918e-02 -4.700710e-02
    endloop
  endfacet
  facet normal  7.591753e-01 -5.811540e-01 -2.931091e-01
    outer loop
      vertex   4.700710e-02 -3.096730e-02 -2.076918e-02
      vertex   4.755896e-02 -3.427510e-02 -1.278137e-02
      vertex   4.213859e-02 -3.884471e-02 -1.776027e-02
    endloop
  endfacet
  facet normal -2.931087e-01 -7.591755e-01 -5.811539e-01
    outer loop
      vertex  -2.076918e-02 -4.700710e-02 -3.096730e-02
      vertex  -1.776027e-02 -4.213859e-02 -3.884471e-02
      vertex  -1.278137e-02 -4.755895e-02 -3.427510e-02
    endloop
  endfacet
  facet normal -7.591753e-01 -5.811539e-01 -2.931091e-01
    outer loop
      vertex  -4.755896e-02 -3.427510e-02 -1.278137e-02
      vertex  -4.700710e-02 -3.096730e-02 -2.076918e-02
      vertex  -4.213859e-02 -3.884471e-02 -1.776027e-02
    endloop
  endfacet
  facet normal -5.811539e-01 -2.931087e-01 -7.591755e-01
    outer loop
      vertex  -3.884471e-02 -1.776027e-02 -4.213859e-02
      vertex  -3.427510e-02 -1.278137e-02 -4.755895e-02
      vertex  -3.096730e-02 -2.076918e-02 -4.700710e-02
    endloop
  endfacet
  facet normal  1.759164e-01  9.844051e-01  0.000000e+00
    outer loop
      vertex   7.984268e-03  5.926130e-02  4.934548e-03
      vertex   1.598428e-02  5.783167e-02  0.000000e+00
      vertex   7.984268e-03  5.926130e-02 -4.934548e-03
    endloop
  endfacet
  facet normal  4.378416e-01  8.843585e-01  1.618786e-01
    outer loop
      vertex   2.317124e-02  5.346039e-02  1.432062e-02
      vertex   3.115551e-02  5.041067e-02  9.386067e-03
      vertex   2.397642e-02  5.477895e-02  4.939415e-03
    endloop
  endfacet
  facet normal  4.378417e-01  8.843585e-01 -1.618786e-01
    outer loop
      vertex   2.397642e-02  5.477895e-02 -4.939415e-03
      vertex   3.115551e-02  5.041067e-02 -9.386067e-03
      vertex   2.317124e-02  5.346039e-02 -1.432062e-02
    endloop
  endfacet
  facet normal -1.759164e-01  9.844051e-01  0.000000e+00
    outer loop
      vertex  -7.984268e-03  5.926130e-02 -4.934548e-03
      vertex  -1.598428e-02  5.783167e-02  0.000000e+00
      vertex  -7.984268e-03  5.926130e-02  4.934548e-03
    endloop
  endfacet
  facet normal -4.378416e-01  8.843585e-01 -1.618786e-01
    outer loop
      vertex  -2.317124e-02  5.346039e-02 -1.432062e-02
      vertex  -3.115551e-02  5.041067e-02 -9.386067e-03
      vertex  -2.397642e-02  5.477895e-02 -4.939415e-03
    endloop
  endfacet
  facet normal -4.378417e-01  8.843585e-01  1.618786e-01
    outer loop
      vertex  -2.397642e-02  5.477895e-02  4.939415e-03
      vertex  -3.115551e-02  5.041067e-02  9.386067e-03
      vertex  -2.317124e-02  5.346039e-02  1.432062e-02
    endloop
  endfacet
  facet normal  1.759164e-01 -9.844051e-01  0.000000e+00
    outer loop
      vertex   7.984268e-03 -5.926130e-02 -4.934548e-03
      vertex   1.598428e-02 -5.783167e-02  0.000000e+00
      vertex   7.984268e-03 -5.926130e-02  4.934548e-03
    endloop
  endfacet
  facet normal  4.378416e-01 -8.843585e-01 -1.618786e-01
    outer loop
      vertex   2.317124e-02 -5.346039e-02 -1.432062e-02
      vertex   3.115551e-02 -5.041067e-02 -9.386067e-03
      vertex   2.397642e-02 -5.477895e-02 -4.939415e-03
    endloop
  endfacet
  facet normal  4.378417e-01 -8.843585e-01  1.618786e-01
    outer loop
      vertex   2.397642e-02 -5.477895e-02  4.939415e-03
      vertex   3.115551e-02 -5.041067e-02  9.386067e-03
      vertex   2.317124e-02 -5.346039e-02  1.432062e-02
    endloop
  endfacet
  facet normal -1.759164e-01 -9.844051e-01 -0.000000e+00
    outer loop
      vertex  -7.984268e-03 -5.926130e-02  4.934548e-03
      vertex  -1.598428e-02 -5.783167e-02  0.000000e+00
      vertex  -7.984268e-03 -5.926130e-02 -4.934548e-03
    endloop
  endfacet
  facet normal -4.378416e-01 -8.843585e-01  1.618786e-01
    outer loop
      vertex  -2.317124e-02 -5.346039e-02  1.432062e-02
      vertex  -3.115551e-02 -5.041067e-02  9.386067e-03
      vertex  -2.397642e-02 -5.477895e-02  4.939415e-03
    endloop
  endfacet
  facet normal -4.378417e-01 -8.843585e-01 -1.618786e-01
    outer loop
      vertex  -2.397642e-02 -5.477895e-02 -4.939415e-03
      vertex  -3.115551e-02 -5.041067e-02 -9.386067e-03
      vertex  -2.317124e-02 -5.346039e-02 -1.432062e-02
    endloop
  endfacet
  facet normal  9.844051e-01  0.000000e+00 -1.759164e-01
    outer loop
      vertex   5.926130e-02 -4.934548e-03 -7.984268e-03
      vertex   5.783167e-02  0.000000e+00 -1.598428e-02
      vertex   5.926130e-02  4.934548e-03 -7.984268e-03
    endloop
  endfacet
  facet normal  8.843586e-01 -1.618790e-01 -4.378414e-01
    outer loop
      vertex   5.346039e-02 -1.432061e-02 -2.317124e-02
      vertex   5.041067e-02 -9.386067e-03 -3.115551e-02
      vertex   5.477895e-02 -4.939415e-03 -2.397642e-02
    endloop
  endfacet
  facet normal  8.843586e-01  1.618790e-01 -4.378414e-01
    outer loop
      vertex   5.477895e-02  4.939415e-03 -2.397642e-02
      vertex   5.041067e-02  9.386067e-03 -3.115551e-02
      vertex   5.346039e-02  1.432061e-02 -2.317124e-02
    endloop
  endfacet
  facet normal  9.844051e-01  0.000000e+00  1.759164e-01
    outer loop
      vertex   5.926130e-02  4.934548e-03  7.984268e-03
      vertex   5.783167e-02  0.000000e+00  1.598428e-02
      vertex   5.926130e-02 -4.934548e-03  7.984268e-03
    endloop
  endfacet
  facet normal  8.843586e-01  1.618790e-01  4.378414e-01
    outer loop
      vertex   5.346039e-02  1.432061e-02  2.317124e-02
      vertex   5.041067e-02  9.386067e-03  3.115551e-02
      vertex   5.477895e-02  4.939415e-03  2.397642e-02
    endloop
  endfacet
  facet normal  8.843586e-01 -1.618790e-01  4.378414e-01
    outer loop
      vertex   5.477895e-02 -4.939415e-03  2.397642e-02
      vertex   5.041067e-02 -9.386067e-03  3.115551e-02
      vertex   5.346039e-02 -1.432061e-02  2.317124e-02
    endloop
  endfacet
  facet normal -9.844051e-01  0.000000e+00  1.759164e-01
    outer loop
      vertex  -5.926130e-02 -4.934548e-03  7.984268e-03
      vertex  -5.783167e-02  0.000000e+00  1.598428e-02
      vertex  -5.926130e-02  4.934548e-03  7.984268e-03
    endloop
  endfacet
  facet normal -8.843586e-01 -1.618790e-01  4.378414e-01
    outer loop
      vertex  -5.346039e-02 -1.432061e-02  2.317124e-02
      vertex  -5.041067e-02 -9.386067e-03  3.115551e-02
      vertex  -5.477895e-02 -4.939415e-03  2.397642e-02
    endloop
  endfacet
  facet normal -8.843586e-01  1.618790e-01  4.378414e-01
    outer loop
      vertex  -5.477895e-02  4.939415e-03  2.397642e-02
      vertex  -5.041067e-02  9.386067e-03  3.115551e-02
      vertex  -5.346039e-02  1.432061e-02  2.317124e-02
    endloop
  endfacet
  facet normal -9.844051e-01 -0.000000e+00 -1.759164e-01
    outer loop
      vertex  -5.926130e-02  4.934548e-03 -7.984268e-03
      vertex  -5.783167e-02  0.000000e+00 -1.598428e-02
      vertex  -5.926130e-02 -4.934548e-03 -7.984268e-03
    endloop
  endfacet
  facet normal -8.843586e-01  1.618790e-01 -4.378414e-01
    outer loop
      vertex  -5.346039e-02  1.432061e-02 -2.317124e-02
      vertex  -5.041067e-02  9.386067e-03 -3.115551e-02
      vertex  -5.477895e-02  4.939415e-03 -2.397642e-02
    endloop
  endfacet
  facet normal -8.843586e-01 -1.618790e-01 -4.378414e-01
    outer loop
      vertex  -5.477895e-02 -4.939415e-03 -2.397642e-02
      vertex  -5.041067e-02 -9.386067e-03 -3.115551e-02
      vertex  -5.346039e-02 -1.432061e-02 -2.317124e-02
    endloop
  endfacet
  facet normal  0.000000e+00 -1.759164e-01  9.844051e-01
    outer loop
      vertex  -4.934548e-03 -7.984268e-03  5.926130e-02
      vertex   0.000000e+00 -1.598428e-02  5.783167e-02
      vertex   4.934548e-03 -7.984268e-03  5.926130e-02
    endloop
  endfacet
  facet normal -1.618790e-01 -4.378414e-01  8.843586e-01
    outer loop
      vertex  -1.432061e-02 -2.317124e-02  5.346039e-02
      vertex  -9.386067e-03 -3.115551e-02  5.041067e-02
      vertex  -4.939415e-03 -2.397642e-02  5.477895e-02
    endloop
  endfacet
  facet normal  1.618790e-01 -4.378414e-01  8.843586e-01
    outer loop
      vertex   4.939415e-03 -2.397642e-02  5.477895e-02
      vertex   9.386067e-03 -3.115551e-02  5.041067e-02
      vertex   1.432061e-02 -2.317124e-02  5.346039e-02
    endloop
  endfacet
  facet normal  0.000000e+00  1.759164e-01  9.844051e-01
    outer loop
      vertex   4.934548e-03  7.984268e-03  5.926130e-02
      vertex   0.000000e+00  1.598428e-02  5.783167e-02
      vertex  -4.934548e-03  7.984268e-03  5.926130e-02
    endloop
  endfacet
  facet normal  1.618790e-01  4.378414e-01  8.843586e-01
    outer loop
      vertex   1.432061e-02  2.317124e-02  5.346039e-02
      vertex   9.386067e-03  3.115551e-02  5.041067e-02
      vertex   4.939415e-03  2.397642e-02  5.477895e-02
    endloop
  endfacet
  facet normal -1.618790e-01  4.378414e-01  8.843586e-01
    outer loop
      vertex  -4.939415e-03  2.397642e-02  5.477895e-02
      vertex  -9.386067e-03  3.115551e-02  5.041067e-02
      vertex  -1.432061e-02  2.317124e-02  5.346039e-02
    endloop
  endfacet
  facet normal  0.000000e+00  1.759164e-01 -9.844051e-01
    outer loop
      vertex  -4.934548e-03  7.984268e-03 -5.926130e-02
      vertex   0.000000e+00  1.598428e-02 -5.783167e-02
      vertex   4.934548e-03  7.984268e-03 -5.926130e-02
    endloop
  endfacet
  facet normal -1.618790e-01  4.378414e-01 -8.843586e-01
    outer loop
      vertex  -1.432061e-02  2.317124e-02 -5.346039e-02
      vertex  -9.386067e-03  3.115551e-02 -5.041067e-02
      vertex  -4.939415e-03  2.397642e-02 -5.477895e-02
    endloop
  endfacet
  facet normal  1.618790e-01  4.378414e-01 -8.843586e-01
    outer loop
      vertex   4.939415e-03  2.397642e-02 -5.477895e-02
      vertex   9.386067e-03  3.115551e-02 -5.041067e-02
      vertex   1.432061e-02  2.317124e-02 -5.346039e-02
    endloop
  endfacet
  facet normal -0.000000e+00 -1.759164e-01 -9.844051e-01
    outer loop
      vertex   4.934548e-03 -7.984268e-03 -5.926130e-02
      vertex   0.000000e+00 -1.598428e-02 -5.783167e-02
      vertex  -4.934548e-03 -7.984268e-03 -5.926130e-02
    endloop
  endfacet
  facet normal  1.618790e-01 -4.378414e-01 -8.843586e-01
    outer loop
      vertex   1.432061e-02 -2.317124e-02 -5.346039e-02
      vertex   9.386067e-03 -3.115551e-02 -5.041067e-02
      vertex   4.939415e-03 -2.397642e-02 -5.477895e-02
    endloop
  endfacet
  facet normal -1.618790e-01 -4.378414e-01 -8.843586e-01
    outer loop
      vertex  -4.939415e-03 -2.397642e-02 -5.477895e-02
      vertex  -9.386067e-03 -3.115551e-02 -5.041067e-02
      vertex  -1.432061e-02 -2.317124e-02 -5.346039e-02
    endloop
  endfacet
  facet normal  4.465164e-01  5.465640e-01  7.084425e-01
    outer loop
      vertex   2.723943e-02  2.810579e-02  4.547612e-02
      vertex   3.080253e-02  3.385525e-02  3.879467e-02
      vertex   2.230488e-02  3.609005e-02  4.242640e-02
    endloop
  endfacet
  facet normal  7.084425e-01  4.465164e-01  5.465640e-01
    outer loop
      vertex   4.242640e-02  2.230488e-02  3.609005e-02
      vertex   4.547612e-02  2.723943e-02  2.810579e-02
      vertex   3.879467e-02  3.080253e-02  3.385525e-02
    endloop
  endfacet
  facet normal  5.465640e-01  7.084426e-01  4.465164e-01
    outer loop
      vertex   3.385525e-02  3.879467e-02  3.080253e-02
      vertex   3.609005e-02  4.242640e-02  2.230488e-02
      vertex   2.810579e-02  4.547612e-02  2.723943e-02
    endloop
  endfacet
  facet normal -5.465640e-01  7.084425e-01  4.465164e-01
    outer loop
      vertex  -3.609005e-02  4.242640e-02  2.230488e-02
      vertex  -3.385525e-02  3.879467e-02  3.080253e-02
      vertex  -2.810579e-02  4.547612e-02  2.723943e-02
    endloop
  endfacet
  facet normal -7.084425e-01  4.465164e-01  5.465640e-01
    outer loop
      vertex  -4.547612e-02  2.723943e-02  2.810579e-02
      vertex  -4.242640e-02  2.230488e-02  3.609005e-02
      vertex  -3.879467e-02  3.080253e-02  3.385525e-02
    endloop
  endfacet
  facet normal -4.465164e-01  5.465640e-01  7.084426e-01
    outer loop
      vertex  -3.080253e-02  3.385525e-02  3.879467e-02
      vertex  -2.723943e-02  2.810579e-02  4.547612e-02
      vertex  -2.230488e-02  3.609005e-02  4.242640e-02
    endloop
  endfacet
  facet normal  5.465640e-01  7.084425e-01 -4.465164e-01
    outer loop
      vertex   3.609005e-02  4.242640e-02 -2.230488e-02
      vertex   3.385525e-02  3.879467e-02 -3.080253e-02
      vertex   2.810579e-02  4.547612e-02 -2.723943e-02
    endloop
  endfacet
  facet normal  7.084425e-01  4.465164e-01 -5.465640e-01
    outer loop
      vertex   4.547612e-02  2.723943e-02 -2.810579e-02
      vertex   4.242640e-02  2.230488e-02 -3.609005e-02
      vertex   3.879467e-02  3.080253e-02 -3.385525e-02
    endloop
  endfacet
  facet normal  4.465164e-01  5.465640e-01 -7.084426e-01
    outer loop
      vertex   3.080253e-02  3.385525e-02 -3.879467e-02
      vertex   2.723943e-02  2.810579e-02 -4.547612e-02
      vertex   2.230488e-02  3.609005e-02 -4.242640e-02
    endloop
  endfacet
  facet normal -4.465164e-01  5.465640e-01 -7.084425e-01
    outer loop
      vertex  -2.723943e-02  2.810579e-02 -4.547612e-02
      vertex  -3.080253e-02  3.385525e-02 -3.879467e-02
      vertex  -2.230488e-02  3.609005e-02 -4.242640e-02
    endloop
  endfacet
  facet normal -7.084425e-01  4.465164e-01 -5.465640e-01
    outer loop
      vertex  -4.242640e-02  2.230488e-02 -3.609005e-02
      vertex  -4.547612e-02  2.723943e-02 -2.810579e-02
      vertex  -3.879467e-02  3.080253e-02 -3.385525e-02
    endloop
  endfacet
  facet normal -5.465640e-01  7.084426e-01 -4.465164e-01
    outer loop
      vertex  -3.385525e-02  3.879467e-02 -3.080253e-02
      vertex  -3.609005e-02  4.242640e-02 -2.230488e-02
      vertex  -2.810579e-02  4.547612e-02 -2.723943e-02
    endloop
  endfacet
  facet normal  5.465640e-01 -7.084425e-01  4.465164e-01
    outer loop
      vertex   3.609005e-02 -4.242640e-02  2.230488e-02
      vertex   3.385525e-02 -3.879467e-02  3.080253e-02
      vertex   2.810579e-02 -4.547612e-02  2.723943e-02
    endloop
  endfacet
  facet normal  7.084425e-01 -4.465164e-01  5.465640e-01
    outer loop
      vertex   4.547612e-02 -2.723943e-02  2.810579e-02
      vertex   4.242640e-02 -2.230488e-02  3.609005e-02
      vertex   3.879467e-02 -3.080253e-02  3.385525e-02
    endloop
  endfacet
  facet normal  4.465164e-01 -5.465640e-01  7.084426e-01
    outer loop
      vertex   3.080253e-02 -3.385525e-02  3.879467e-02
      vertex   2.723943e-02 -2.810579e-02  4.547612e-02
      vertex   2.230488e-02 -3.609005e-02  4.242640e-02
    endloop
  endfacet
  facet normal -4.465164e-01 -5.465640e-01  7.084425e-01
    outer loop
      vertex  -2.723943e-02 -2.810579e-02  4.547612e-02
      vertex  -3.080253e-02 -3.385525e-02  3.879467e-02
      vertex  -2.230488e-02 -3.609005e-02  4.242640e-02
    endloop
  endfacet
  facet normal -7.084425e-01 -4.465164e-01  5.465640e-01
    outer loop
      vertex  -4.242640e-02 -2.230488e-02  3.609005e-02
      vertex  -4.547612e-02 -2.723943e-02  2.810579e-02
      vertex  -3.879467e-02 -3.080253e-02  3.385525e-02
    endloop
  endfacet
  facet normal -5.465640e-01 -7.084426e-01  4.465164e-01
    outer loop
      vertex  -3.385525e-02 -3.879467e-02  3.080253e-02
      vertex  -3.609005e-02 -4.242640e-02  2.230488e-02
      vertex  -2.810579e-02 -4.547612e-02  2.723943e-02
    endloop
  endfacet
  facet normal  4.465164e-01 -5.465640e-01 -7.084425e-01
    outer loop
      vertex   2.723943e-02 -2.810579e-02 -4.547612e-02
      vertex   3.080253e-02 -3.385525e-02 -3.879467e-02
      vertex   2.230488e-02 -3.609005e-02 -4.242640e-02
    endloop
  endfacet
  facet normal  7.084425e-01 -4.465164e-01 -5.465640e-01
    outer loop
      vertex   4.242640e-02 -2.230488e-02 -3.609005e-02
      vertex   4.547612e-02 -2.723943e-02 -2.810579e-02
      vertex   3.879467e-02 -3.080253e-02 -3.385525e-02
    endloop
  endfacet
  facet normal  5.465640e-01 -7.084426e-01 -4.465164e-01
    outer loop
      vertex   3.385525e-02 -3.879467e-02 -3.080253e-02
      vertex   3.609005e-02 -4.242640e-02 -2.230488e-02
      vertex   2.810579e-02 -4.547612e-02 -2.723943e-02
    endloop
  endfacet
  facet normal -5.465640e-01 -7.084425e-01 -4.465164e-01
    outer loop
      vertex  -3.609005e-02 -4.242640e-02 -2.230488e-02
      vertex  -3.385525e-02 -3.879467e-02 -3.080253e-02
      vertex  -2.810579e-02 -4.547612e-02 -2.723943e-02
    endloop
  endfacet
  facet normal -7.084425e-01 -4.465164e-01 -5.465640e-01
    outer loop
      vertex  -4.547612e-02 -2.723943e-02 -2.810579e-02
      vertex  -4.242640e-02 -2.230488e-02 -3.609005e-02
      vertex  -3.879467e-02 -3.080253e-02 -3.385525e-02
    endloop
  endfacet
  facet normal -4.465164e-01 -5.465640e-01 -7.084426e-01
    outer loop
      vertex  -3.080253e-02 -3.385525e-02 -3.879467e-02
      vertex  -2.723943e-02 -2.810579e-02 -4.547612e-02
      vertex  -2.230488e-02 -3.609005e-02 -4.242640e-02
    endloop
  endfacet
  facet normal  8.207028e-02  9.017047e-01 -4.244917e-01
    outer loop
      vertex   0.000000e+00  5.490260e-02 -2.420132e-02
      vertex   7.899322e-03  5.545827e-02 -2.149373e-02
      vertex   7.872022e-03  5.189576e-02 -2.906650e-02
    endloop
  endfacet
  facet normal  8.410249e-02  9.847538e-01 -1.522720e-01
    outer loop
      vertex   0.000000e+00  5.942633e-02 -8.277135e-03
      vertex   7.984268e-03  5.926130e-02 -4.934548e-03
      vertex   7.967549e-03  5.798356e-02 -1.320702e-02
    endloop
  endfacet
  facet normal  3.431964e-01  8.857886e-01 -3.124018e-01
    outer loop
      vertex   1.584496e-02  5.497465e-02 -1.807553e-02
      vertex   2.317124e-02  5.346039e-02 -1.432062e-02
      vertex   2.301682e-02  5.063469e-02 -2.250231e-02
    endloop
  endfacet
  facet normal  8.410249e-02  9.847538e-01  1.522720e-01
    outer loop
      vertex   0.000000e+00  5.942633e-02  8.277135e-03
      vertex   7.967549e-03  5.798356e-02  1.320702e-02
      vertex   7.984268e-03  5.926130e-02  4.934548e-03
    endloop
  endfacet
  facet normal  8.207028e-02  9.017047e-01  4.244917e-01
    outer loop
      vertex   0.000000e+00  5.490260e-02  2.420132e-02
      vertex   7.872022e-03  5.189576e-02  2.906650e-02
      vertex   7.899322e-03  5.545827e-02  2.149373e-02
    endloop
  endfacet
  facet normal  3.431964e-01  8.857886e-01  3.124018e-01
    outer loop
      vertex   1.584496e-02  5.497465e-02  1.807553e-02
      vertex   2.301682e-02  5.063469e-02  2.250231e-02
      vertex   2.317124e-02  5.346039e-02  1.432062e-02
    endloop
  endfacet
  facet normal  5.895790e-01  7.916790e-01 -1.601284e-01
    outer loop
      vertex   3.115551e-02  5.041067e-02 -9.386067e-03
      vertex   3.721437e-02  4.681226e-02 -4.868511e-03
      vertex   3.640950e-02  4.551914e-02 -1.422518e-02
    endloop
  endfacet
  facet normal  5.895790e-01  7.916790e-01  1.601284e-01
    outer loop
      vertex   3.115551e-02  5.041067e-02  9.386067e-03
      vertex   3.640950e-02  4.551914e-02  1.422518e-02
      vertex   3.721437e-02  4.681226e-02  4.868511e-03
    endloop
  endfacet
  facet normal  7.689123e-01  6.393543e-01  0.000000e+00
    outer loop
      vertex   4.267690e-02  4.217442e-02  0.000000e+00
      vertex   4.703058e-02  3.693852e-02  4.865177e-03
      vertex   4.703058e-02  3.693852e-02 -4.865177e-03
    endloop
  endfacet
  facet normal -8.207028e-02  9.017047e-01  4.244917e-01
    outer loop
      vertex   0.000000e+00  5.490260e-02  2.420132e-02
      vertex  -7.899322e-03  5.545827e-02  2.149373e-02
      vertex  -7.872022e-03  5.189576e-02  2.906650e-02
    endloop
  endfacet
  facet normal -8.410249e-02  9.847538e-01  1.522720e-01
    outer loop
      vertex   0.000000e+00  5.942633e-02  8.277135e-03
      vertex  -7.984268e-03  5.926130e-02  4.934548e-03
      vertex  -7.967549e-03  5.798356e-02  1.320702e-02
    endloop
  endfacet
  facet normal -3.431964e-01  8.857886e-01  3.124018e-01
    outer loop
      vertex  -1.584496e-02  5.497465e-02  1.807553e-02
      vertex  -2.317124e-02  5.346039e-02  1.432062e-02
      vertex  -2.301682e-02  5.063469e-02  2.250231e-02
    endloop
  endfacet
