solid vcg
  facet normal  3.568224e-01  9.341722e-01  0.000000e+00
    outer loop
      vertex   1.998035e-03  4.564912e-03  4.116179e-04
      vertex   1.998035e-03  4.564912e-03 -4.116179e-04
      vertex   1.332024e-03  4.819306e-03  0.000000e+00
    endloop
  endfacet
  facet normal -3.568224e-01  9.341722e-01  0.000000e+00
    outer loop
      vertex  -1.998035e-03  4.564912e-03 -4.116179e-04
      vertex  -1.998035e-03  4.564912e-03  4.116179e-04
      vertex  -1.332024e-03  4.819306e-03  0.000000e+00
    endloop
  endfacet
  facet normal  3.568224e-01 -9.341722e-01  0.000000e+00
    outer loop
      vertex   1.998035e-03 -4.564912e-03 -4.116179e-04
      vertex   1.998035e-03 -4.564912e-03  4.116179e-04
      vertex   1.332024e-03 -4.819306e-03  0.000000e+00
    endloop
  endfacet
  facet normal -3.568224e-01 -9.341722e-01 -0.000000e+00
    outer loop
      vertex  -1.998035e-03 -4.564912e-03  4.116179e-04
      vertex  -1.998035e-03 -4.564912e-03 -4.116179e-04
      vertex  -1.332024e-03 -4.819306e-03  0.000000e+00
    endloop
  endfacet
  facet normal  9.341722e-01  0.000000e+00 -3.568224e-01
    outer loop
      vertex   4.564912e-03 -4.116179e-04 -1.998035e-03
      vertex   4.564912e-03  4.116179e-04 -1.998035e-03
      vertex   4.819306e-03  0.000000e+00 -1.332024e-03
    endloop
  endfacet
  facet normal  9.341722e-01  0.000000e+00  3.568224e-01
    outer loop
      vertex   4.564912e-03  4.116179e-04  1.998035e-03
      vertex   4.564912e-03 -4.116179e-04  1.998035e-03
      vertex   4.819306e-03  0.000000e+00  1.332024e-03
    endloop
  endfacet
  facet normal -9.341722e-01  0.000000e+00  3.568224e-01
    outer loop
      vertex  -4.564912e-03 -4.116179e-04  1.998035e-03
      vertex  -4.564912e-03  4.116179e-04  1.998035e-03
      vertex  -4.819306e-03  0.000000e+00  1.332024e-03
    endloop
  endfacet
  facet normal -9.341722e-01 -0.000000e+00 -3.568224e-01
    outer loop
      vertex  -4.564912e-03  4.116179e-04 -1.998035e-03
      vertex  -4.564912e-03 -4.116179e-04 -1.998035e-03
      vertex  -4.819306e-03  0.000000e+00 -1.332024e-03
    endloop
  endfacet
  facet normal  0.000000e+00 -3.568224e-01  9.341722e-01
    outer loop
      vertex  -4.116179e-04 -1.998035e-03  4.564912e-03
      vertex   4.116179e-04 -1.998035e-03  4.564912e-03
      vertex   0.000000e+00 -1.332024e-03  4.819306e-03
    endloop
  endfacet
  facet normal  0.000000e+00  3.568224e-01  9.341722e-01
    outer loop
      vertex   4.116179e-04  1.998035e-03  4.564912e-03
      vertex  -4.116179e-04  1.998035e-03  4.564912e-03
      vertex   0.000000e+00  1.332024e-03  4.819306e-03
    endloop
  endfacet
  facet normal  0.000000e+00  3.568224e-01 -9.341722e-01
    outer loop
      vertex  -4.116179e-04  1.998035e-03 -4.564912e-03
      vertex   4.116179e-04  1.998035e-03 -4.564912e-03
      vertex   0.000000e+00  1.332024e-03 -4.819306e-03
    endloop
  endfacet
  facet normal -0.000000e+00 -3.568224e-01 -9.341722e-01
    outer loop
      vertex   4.116179e-04 -1.998035e-03 -4.564912e-03
      vertex  -4.116179e-04 -1.998035e-03 -4.564912e-03
      vertex   0.000000e+00 -1.332024e-03 -4.819306e-03
    endloop
  endfacet
  facet normal  5.773503e-01  5.773503e-01  5.773503e-01
    outer loop
      vertex   3.232889e-03  2.566877e-03  2.821271e-03
      vertex   2.821271e-03  3.232889e-03  2.566877e-03
      vertex   2.566877e-03  2.821271e-03  3.232889e-03
    endloop
  endfacet
  facet normal -5.773503e-01  5.773503e-01  5.773503e-01
    outer loop
      vertex  -3.232889e-03  2.566877e-03  2.821271e-03
      vertex  -2.566877e-03  2.821271e-03  3.232889e-03
      vertex  -2.821271e-03  3.232889e-03  2.566877e-03
    endloop
  endfacet
  facet normal  5.773503e-01  5.773503e-01 -5.773503e-01
    outer loop
      vertex   3.232889e-03  2.566877e-03 -2.821271e-03
      vertex   2.566877e-03  2.821271e-03 -3.232889e-03
      vertex   2.821271e-03  3.232889e-03 -2.566877e-03
    endloop
  endfacet
  facet normal -5.773503e-01  5.773503e-01 -5.773503e-01
    outer loop
      vertex  -3.232889e-03  2.566877e-03 -2.821271e-03
      vertex  -2.821271e-03  3.232889e-03 -2.566877e-03
      vertex  -2.566877e-03  2.821271e-03 -3.232889e-03
    endloop
  endfacet
  facet normal  5.773503e-01 -5.773503e-01  5.773503e-01
    outer loop
      vertex   3.232889e-03 -2.566877e-03  2.821271e-03
      vertex   2.566877e-03 -2.821271e-03  3.232889e-03
      vertex   2.821271e-03 -3.232889e-03  2.566877e-03
    endloop
  endfacet
  facet normal -5.773503e-01 -5.773503e-01  5.773503e-01
    outer loop
      vertex  -3.232889e-03 -2.566877e-03  2.821271e-03
      vertex  -2.821271e-03 -3.232889e-03  2.566877e-03
      vertex  -2.566877e-03 -2.821271e-03  3.232889e-03
    endloop
  endfacet
  facet normal  5.773503e-01 -5.773503e-01 -5.773503e-01
    outer loop
      vertex   3.232889e-03 -2.566877e-03 -2.821271e-03
      vertex   2.821271e-03 -3.232889e-03 -2.566877e-03
      vertex   2.566877e-03 -2.821271e-03 -3.232889e-03
    endloop
  endfacet
  facet normal -5.773503e-01 -5.773503e-01 -5.773503e-01
    outer loop
      vertex  -3.232889e-03 -2.566877e-03 -2.821271e-03
      vertex  -2.566877e-03 -2.821271e-03 -3.232889e-03
      vertex  -2.821271e-03 -3.232889e-03 -2.566877e-03
    endloop
  endfacet
  facet normal  1.811518e-01  9.403265e-01 -2.880457e-01
    outer loop
      vertex   6.639624e-04  4.831963e-03 -1.100585e-03
      vertex   1.320414e-03  4.581220e-03 -1.506294e-03
      vertex   6.582768e-04  4.621523e-03 -1.791144e-03
    endloop
  endfacet
  facet normal  1.811518e-01  9.403263e-01  2.880457e-01
    outer loop
      vertex   6.582768e-04  4.621523e-03  1.791144e-03
      vertex   1.320414e-03  4.581220e-03  1.506294e-03
      vertex   6.639624e-04  4.831963e-03  1.100585e-03
    endloop
  endfacet
  facet normal  6.472183e-01  7.623047e-01  0.000000e+00
    outer loop
      vertex   3.101198e-03  3.901022e-03  4.057092e-04
      vertex   3.556408e-03  3.514535e-03  0.000000e+00
      vertex   3.101198e-03  3.901022e-03 -4.057092e-04
    endloop
  endfacet
  facet normal -1.811518e-01  9.403265e-01  2.880457e-01
    outer loop
      vertex  -6.639624e-04  4.831963e-03  1.100585e-03
      vertex  -1.320414e-03  4.581220e-03  1.506294e-03
      vertex  -6.582768e-04  4.621523e-03  1.791144e-03
    endloop
  endfacet
  facet normal -1.811518e-01  9.403263e-01 -2.880457e-01
    outer loop
      vertex  -6.582768e-04  4.621523e-03 -1.791144e-03
      vertex  -1.320414e-03  4.581220e-03 -1.506294e-03
      vertex  -6.639624e-04  4.831963e-03 -1.100585e-03
    endloop
  endfacet
  facet normal -6.472183e-01  7.623047e-01  0.000000e+00
    outer loop
      vertex  -3.101198e-03  3.901022e-03 -4.057092e-04
      vertex  -3.556408e-03  3.514535e-03  0.000000e+00
      vertex  -3.101198e-03  3.901022e-03  4.057092e-04
    endloop
  endfacet
  facet normal  1.811518e-01 -9.403265e-01  2.880457e-01
    outer loop
      vertex   6.639624e-04 -4.831963e-03  1.100585e-03
      vertex   1.320414e-03 -4.581220e-03  1.506294e-03
      vertex   6.582768e-04 -4.621523e-03  1.791144e-03
    endloop
  endfacet
  facet normal  1.811518e-01 -9.403263e-01 -2.880457e-01
    outer loop
      vertex   6.582768e-04 -4.621523e-03 -1.791144e-03
      vertex   1.320414e-03 -4.581220e-03 -1.506294e-03
      vertex   6.639624e-04 -4.831963e-03 -1.100585e-03
    endloop
  endfacet
  facet normal  6.472183e-01 -7.623047e-01  0.000000e+00
    outer loop
      vertex   3.101198e-03 -3.901022e-03 -4.057092e-04
      vertex   3.556408e-03 -3.514535e-03  0.000000e+00
      vertex   3.101198e-03 -3.901022e-03  4.057092e-04
    endloop
  endfacet
  facet normal -1.811518e-01 -9.403265e-01 -2.880457e-01
    outer loop
      vertex  -6.639624e-04 -4.831963e-03 -1.100585e-03
      vertex  -1.320414e-03 -4.581220e-03 -1.506294e-03
      vertex  -6.582768e-04 -4.621523e-03 -1.791144e-03
    endloop
  endfacet
  facet normal -1.811518e-01 -9.403263e-01  2.880457e-01
    outer loop
      vertex  -6.582768e-04 -4.621523e-03  1.791144e-03
      vertex  -1.320414e-03 -4.581220e-03  1.506294e-03
      vertex  -6.639624e-04 -4.831963e-03  1.100585e-03
    endloop
  endfacet
  facet normal -6.472183e-01 -7.623047e-01 -0.000000e+00
    outer loop
      vertex  -3.101198e-03 -3.901022e-03  4.057092e-04
      vertex  -3.556408e-03 -3.514535e-03  0.000000e+00
      vertex  -3.101198e-03 -3.901022e-03 -4.057092e-04
    endloop
  endfacet
  facet normal  9.403265e-01  2.880457e-01 -1.811518e-01
    outer loop
      vertex   4.831963e-03  1.100585e-03 -6.639624e-04
      vertex   4.581220e-03  1.506294e-03 -1.320414e-03
      vertex   4.621523e-03  1.791144e-03 -6.582768e-04
    endloop
  endfacet
  facet normal  9.403265e-01 -2.880457e-01 -1.811518e-01
    outer loop
      vertex   4.621523e-03 -1.791144e-03 -6.582768e-04
      vertex   4.581220e-03 -1.506294e-03 -1.320414e-03
      vertex   4.831963e-03 -1.100585e-03 -6.639624e-04
    endloop
  endfacet
  facet normal  7.623047e-01  0.000000e+00 -6.472183e-01
    outer loop
      vertex   3.901022e-03 -4.057092e-04 -3.101198e-03
      vertex   3.514535e-03  0.000000e+00 -3.556408e-03
      vertex   3.901022e-03  4.057092e-04 -3.101198e-03
    endloop
  endfacet
  facet normal  9.403265e-01 -2.880457e-01  1.811518e-01
    outer loop
      vertex   4.831963e-03 -1.100585e-03  6.639624e-04
      vertex   4.581220e-03 -1.506294e-03  1.320414e-03
      vertex   4.621523e-03 -1.791144e-03  6.582768e-04
    endloop
  endfacet
  facet normal  9.403265e-01  2.880457e-01  1.811518e-01
    outer loop
      vertex   4.621523e-03  1.791144e-03  6.582768e-04
      vertex   4.581220e-03  1.506294e-03  1.320414e-03
      vertex   4.831963e-03  1.100585e-03  6.639624e-04
    endloop
  endfacet
  facet normal  7.623047e-01  0.000000e+00  6.472183e-01
    outer loop
      vertex   3.901022e-03  4.057092e-04  3.101198e-03
      vertex   3.514535e-03  0.000000e+00  3.556408e-03
      vertex   3.901022e-03 -4.057092e-04  3.101198e-03
    endloop
  endfacet
  facet normal -9.403265e-01  2.880457e-01  1.811518e-01
    outer loop
      vertex  -4.831963e-03  1.100585e-03  6.639624e-04
      vertex  -4.581220e-03  1.506294e-03  1.320414e-03
      vertex  -4.621523e-03  1.791144e-03  6.582768e-04
    endloop
  endfacet
  facet normal -9.403265e-01 -2.880457e-01  1.811518e-01
    outer loop
      vertex  -4.621523e-03 -1.791144e-03  6.582768e-04
      vertex  -4.581220e-03 -1.506294e-03  1.320414e-03
      vertex  -4.831963e-03 -1.100585e-03  6.639624e-04
    endloop
  endfacet
  facet normal -7.623047e-01  0.000000e+00  6.472183e-01
    outer loop
      vertex  -3.901022e-03 -4.057092e-04  3.101198e-03
      vertex  -3.514535e-03  0.000000e+00  3.556408e-03
      vertex  -3.901022e-03  4.057092e-04  3.101198e-03
    endloop
  endfacet
  facet normal -9.403265e-01 -2.880457e-01 -1.811518e-01
    outer loop
      vertex  -4.831963e-03 -1.100585e-03 -6.639624e-04
      vertex  -4.581220e-03 -1.506294e-03 -1.320414e-03
      vertex  -4.621523e-03 -1.791144e-03 -6.582768e-04
    endloop
  endfacet
  facet normal -9.403265e-01  2.880457e-01 -1.811518e-01
    outer loop
      vertex  -4.621523e-03  1.791144e-03 -6.582768e-04
      vertex  -4.581220e-03  1.506294e-03 -1.320414e-03
      vertex  -4.831963e-03  1.100585e-03 -6.639624e-04
    endloop
  endfacet
  facet normal -7.623047e-01 -0.000000e+00 -6.472183e-01
    outer loop
      vertex  -3.901022e-03  4.057092e-04 -3.101198e-03
      vertex  -3.514535e-03  0.000000e+00 -3.556408e-03
      vertex  -3.901022e-03 -4.057092e-04 -3.101198e-03
    endloop
  endfacet
  facet normal  2.880457e-01 -1.811518e-01  9.403265e-01
    outer loop
      vertex   1.100585e-03 -6.639624e-04  4.831963e-03
      vertex   1.506294e-03 -1.320414e-03  4.581220e-03
      vertex   1.791144e-03 -6.582768e-04  4.621523e-03
    endloop
  endfacet
  facet normal -2.880457e-01 -1.811518e-01  9.403265e-01
    outer loop
      vertex  -1.791144e-03 -6.582768e-04  4.621523e-03
      vertex  -1.506294e-03 -1.320414e-03  4.581220e-03
      vertex  -1.100585e-03 -6.639624e-04  4.831963e-03
    endloop
  endfacet
  facet normal  0.000000e+00 -6.472183e-01  7.623047e-01
    outer loop
      vertex  -4.057092e-04 -3.101198e-03  3.901022e-03
      vertex   0.000000e+00 -3.556408e-03  3.514535e-03
      vertex   4.057092e-04 -3.101198e-03  3.901022e-03
    endloop
  endfacet
  facet normal -2.880457e-01  1.811518e-01  9.403265e-01
    outer loop
      vertex  -1.100585e-03  6.639624e-04  4.831963e-03
      vertex  -1.506294e-03  1.320414e-03  4.581220e-03
      vertex  -1.791144e-03  6.582768e-04  4.621523e-03
    endloop
  endfacet
  facet normal  2.880457e-01  1.811518e-01  9.403265e-01
    outer loop
      vertex   1.791144e-03  6.582768e-04  4.621523e-03
      vertex   1.506294e-03  1.320414e-03  4.581220e-03
      vertex   1.100585e-03  6.639624e-04  4.831963e-03
    endloop
  endfacet
  facet normal  0.000000e+00  6.472183e-01  7.623047e-01
    outer loop
      vertex   4.057092e-04  3.101198e-03  3.901022e-03
      vertex   0.000000e+00  3.556408e-03  3.514535e-03
      vertex  -4.057092e-04  3.101198e-03  3.901022e-03
    endloop
  endfacet
  facet normal  2.880457e-01  1.811518e-01 -9.403265e-01
    outer loop
      vertex   1.100585e-03  6.639624e-04 -4.831963e-03
      vertex   1.506294e-03  1.320414e-03 -4.581220e-03
      vertex   1.791144e-03  6.582768e-04 -4.621523e-03
    endloop
  endfacet
  facet normal -2.880457e-01  1.811518e-01 -9.403265e-01
    outer loop
      vertex  -1.791144e-03  6.582768e-04 -4.621523e-03
      vertex  -1.506294e-03  1.320414e-03 -4.581220e-03
      vertex  -1.100585e-03  6.639624e-04 -4.831963e-03
    endloop
  endfacet
  facet normal  0.000000e+00  6.472183e-01 -7.623047e-01
    outer loop
      vertex  -4.057092e-04  3.101198e-03 -3.901022e-03
      vertex   0.000000e+00  3.556408e-03 -3.514535e-03
      vertex   4.057092e-04  3.101198e-03 -3.901022e-03
    endloop
  endfacet
  facet normal -2.880457e-01 -1.811518e-01 -9.403265e-01
    outer loop
      vertex  -1.100585e-03 -6.639624e-04 -4.831963e-03
      vertex  -1.506294e-03 -1.320414e-03 -4.581220e-03
      vertex  -1.791144e-03 -6.582768e-04 -4.621523e-03
    endloop
  endfacet
  facet normal  2.880457e-01 -1.811518e-01 -9.403265e-01
    outer loop
      vertex   1.791144e-03 -6.582768e-04 -4.621523e-03
      vertex   1.506294e-03 -1.320414e-03 -4.581220e-03
      vertex   1.100585e-03 -6.639624e-04 -4.831963e-03
    endloop
  endfacet
  facet normal -0.000000e+00 -6.472183e-01 -7.623047e-01
    outer loop
      vertex   4.057092e-04 -3.101198e-03 -3.901022e-03
      vertex   0.000000e+00 -3.556408e-03 -3.514535e-03
      vertex  -4.057092e-04 -3.101198e-03 -3.901022e-03
    endloop
  endfacet
  facet normal  2.931088e-01  7.591755e-01  5.811539e-01
    outer loop
      vertex   1.480023e-03  3.511549e-03  3.237059e-03
      vertex   1.730765e-03  3.917258e-03  2.580608e-03
      vertex   1.065114e-03  3.963246e-03  2.856258e-03
    endloop
  endfacet
  facet normal  5.811539e-01  2.931087e-01  7.591755e-01
    outer loop
      vertex   2.856258e-03  1.065114e-03  3.963246e-03
      vertex   3.237059e-03  1.480023e-03  3.511549e-03
      vertex   2.580608e-03  1.730765e-03  3.917258e-03
    endloop
  endfacet
  facet normal  7.591753e-01  5.811539e-01  2.931094e-01
    outer loop
      vertex   3.917258e-03  2.580608e-03  1.730765e-03
      vertex   3.963246e-03  2.856258e-03  1.065114e-03
      vertex   3.511549e-03  3.237059e-03  1.480023e-03
    endloop
  endfacet
  facet normal -2.931088e-01  7.591756e-01  5.811539e-01
    outer loop
      vertex  -1.730765e-03  3.917258e-03  2.580608e-03
      vertex  -1.480023e-03  3.511549e-03  3.237059e-03
      vertex  -1.065114e-03  3.963246e-03  2.856258e-03
    endloop
  endfacet
  facet normal -7.591753e-01  5.811540e-01  2.931094e-01
    outer loop
      vertex  -3.963246e-03  2.856258e-03  1.065114e-03
      vertex  -3.917258e-03  2.580608e-03  1.730765e-03
      vertex  -3.511549e-03  3.237059e-03  1.480023e-03
    endloop
  endfacet
  facet normal -5.811539e-01  2.931088e-01  7.591755e-01
    outer loop
      vertex  -3.237059e-03  1.480023e-03  3.511549e-03
      vertex  -2.856258e-03  1.065114e-03  3.963246e-03
      vertex  -2.580608e-03  1.730765e-03  3.917258e-03
    endloop
  endfacet
  facet normal  2.931088e-01  7.591756e-01 -5.811539e-01
    outer loop
      vertex   1.730765e-03  3.917258e-03 -2.580608e-03
      vertex   1.480023e-03  3.511549e-03 -3.237059e-03
      vertex   1.065114e-03  3.963246e-03 -2.856258e-03
    endloop
  endfacet
  facet normal  7.591753e-01  5.811540e-01 -2.931094e-01
    outer loop
      vertex   3.963246e-03  2.856258e-03 -1.065114e-03
      vertex   3.917258e-03  2.580608e-03 -1.730765e-03
      vertex   3.511549e-03  3.237059e-03 -1.480023e-03
    endloop
  endfacet
  facet normal  5.811539e-01  2.931088e-01 -7.591755e-01
    outer loop
      vertex   3.237059e-03  1.480023e-03 -3.511549e-03
      vertex   2.856258e-03  1.065114e-03 -3.963246e-03
      vertex   2.580608e-03  1.730765e-03 -3.917258e-03
    endloop
  endfacet
  facet normal -2.931088e-01  7.591755e-01 -5.811539e-01
    outer loop
      vertex  -1.480023e-03  3.511549e-03 -3.237059e-03
      vertex  -1.730765e-03  3.917258e-03 -2.580608e-03
      vertex  -1.065114e-03  3.963246e-03 -2.856258e-03
    endloop
  endfacet
  facet normal -5.811539e-01  2.931087e-01 -7.591755e-01
    outer loop
      vertex  -2.856258e-03  1.065114e-03 -3.963246e-03
      vertex  -3.237059e-03  1.480023e-03 -3.511549e-03
      vertex  -2.580608e-03  1.730765e-03 -3.917258e-03
    endloop
  endfacet
  facet normal -7.591753e-01  5.811539e-01 -2.931094e-01
    outer loop
      vertex  -3.917258e-03  2.580608e-03 -1.730765e-03
      vertex  -3.963246e-03  2.856258e-03 -1.065114e-03
      vertex  -3.511549e-03  3.237059e-03 -1.480023e-03
    endloop
  endfacet
  facet normal  2.931088e-01 -7.591756e-01  5.811539e-01
    outer loop
      vertex   1.730765e-03 -3.917258e-03  2.580608e-03
      vertex   1.480023e-03 -3.511549e-03  3.237059e-03
      vertex   1.065114e-03 -3.963246e-03  2.856258e-03
    endloop
  endfacet
  facet normal  7.591753e-01 -5.811540e-01  2.931094e-01
    outer loop
      vertex   3.963246e-03 -2.856258e-03  1.065114e-03
      vertex   3.917258e-03 -2.580608e-03  1.730765e-03
      vertex   3.511549e-03 -3.237059e-03  1.480023e-03
    endloop
  endfacet
  facet normal  5.811539e-01 -2.931088e-01  7.591755e-01
    outer loop
      vertex   3.237059e-03 -1.480023e-03  3.511549e-03
      vertex   2.856258e-03 -1.065114e-03  3.963246e-03
      vertex   2.580608e-03 -1.730765e-03  3.917258e-03
    endloop
  endfacet
  facet normal -2.931088e-01 -7.591755e-01  5.811539e-01
    outer loop
      vertex  -1.480023e-03 -3.511549e-03  3.237059e-03
      vertex  -1.730765e-03 -3.917258e-03  2.580608e-03
      vertex  -1.065114e-03 -3.963246e-03  2.856258e-03
    endloop
  endfacet
  facet normal -5.811539e-01 -2.931087e-01  7.591755e-01
    outer loop
      vertex  -2.856258e-03 -1.065114e-03  3.963246e-03
      vertex  -3.237059e-03 -1.480023e-03  3.511549e-03
      vertex  -2.580608e-03 -1.730765e-03  3.917258e-03
    endloop
  endfacet
  facet normal -7.591753e-01 -5.811539e-01  2.931094e-01
    outer loop
      vertex  -3.917258e-03 -2.580608e-03  1.730765e-03
      vertex  -3.963246e-03 -2.856258e-03  1.065114e-03
      vertex  -3.511549e-03 -3.237059e-03  1.480023e-03
    endloop
  endfacet
  facet normal  2.931088e-01 -7.591755e-01 -5.811539e-01
    outer loop
      vertex   1.480023e-03 -3.511549e-03 -3.237059e-03
      vertex   1.730765e-03 -3.917258e-03 -2.580608e-03
      vertex   1.065114e-03 -3.963246e-03 -2.856258e-03
    endloop
  endfacet
  facet normal  5.811539e-01 -2.931087e-01 -7.591755e-01
    outer loop
      vertex   2.856258e-03 -1.065114e-03 -3.963246e-03
      vertex   3.237059e-03 -1.480023e-03 -3.511549e-03
      vertex   2.580608e-03 -1.730765e-03 -3.917258e-03
    endloop
  endfacet
  facet normal  7.591753e-01 -5.811539e-01 -2.931094e-01
    outer loop
      vertex   3.917258e-03 -2.580608e-03 -1.730765e-03
      vertex   3.963246e-03 -2.856258e-03 -1.065114e-03
      vertex   3.511549e-03 -3.237059e-03 -1.480023e-03
    endloop
  endfacet
  facet normal -2.931088e-01 -7.591756e-01 -5.811539e-01
    outer loop
      vertex  -1.730765e-03 -3.917258e-03 -2.580608e-03
      vertex  -1.480023e-03 -3.511549e-03 -3.237059e-03
      vertex  -1.065114e-03 -3.963246e-03 -2.856258e-03
    endloop
  endfacet
  facet normal -7.591753e-01 -5.811540e-01 -2.931094e-01
    outer loop
      vertex  -3.963246e-03 -2.856258e-03 -1.065114e-03
      vertex  -3.917258e-03 -2.580608e-03 -1.730765e-03
      vertex  -3.511549e-03 -3.237059e-03 -1.480023e-03
    endloop
  endfacet
  facet normal -5.811539e-01 -2.931088e-01 -7.591755e-01
    outer loop
      vertex  -3.237059e-03 -1.480023e-03 -3.511549e-03
      vertex  -2.856258e-03 -1.065114e-03 -3.963246e-03
      vertex  -2.580608e-03 -1.730765e-03 -3.917258e-03
    endloop
  endfacet
  facet normal  1.759164e-01  9.844051e-01  0.000000e+00
    outer loop
      vertex   6.653556e-04  4.938442e-03  4.112123e-04
      vertex   1.332024e-03  4.819306e-03  0.000000e+00
      vertex   6.653556e-04  4.938442e-03 -4.112123e-04
    endloop
  endfacet
  facet normal  4.378416e-01  8.843586e-01  1.618783e-01
    outer loop
      vertex   1.930937e-03  4.455033e-03  1.193385e-03
      vertex   2.596292e-03  4.200889e-03  7.821723e-04
      vertex   1.998035e-03  4.564912e-03  4.116179e-04
    endloop
  endfacet
  facet normal  4.378416e-01  8.843585e-01 -1.618782e-01
    outer loop
      vertex   1.998035e-03  4.564912e-03 -4.116179e-04
      vertex   2.596292e-03  4.200889e-03 -7.821723e-04
      vertex   1.930937e-03  4.455033e-03 -1.193385e-03
    endloop
  endfacet
  facet normal -1.759164e-01  9.844051e-01  0.000000e+00
    outer loop
      vertex  -6.653556e-04  4.938442e-03 -4.112123e-04
      vertex  -1.332024e-03  4.819306e-03  0.000000e+00
      vertex  -6.653556e-04  4.938442e-03  4.112123e-04
    endloop
  endfacet
  facet normal -4.378416e-01  8.843586e-01 -1.618783e-01
    outer loop
      vertex  -1.930937e-03  4.455033e-03 -1.193385e-03
      vertex  -2.596292e-03  4.200889e-03 -7.821723e-04
      vertex  -1.998035e-03  4.564912e-03 -4.116179e-04
    endloop
  endfacet
  facet normal -4.378416e-01  8.843585e-01  1.618782e-01
    outer loop
      vertex  -1.998035e-03  4.564912e-03  4.116179e-04
      vertex  -2.596292e-03  4.200889e-03  7.821723e-04
      vertex  -1.930937e-03  4.455033e-03  1.193385e-03
    endloop
  endfacet
  facet normal  1.759164e-01 -9.844051e-01  0.000000e+00
    outer loop
      vertex   6.653556e-04 -4.938442e-03 -4.112123e-04
      vertex   1.332024e-03 -4.819306e-03  0.000000e+00
      vertex   6.653556e-04 -4.938442e-03  4.112123e-04
    endloop
  endfacet
  facet normal  4.378416e-01 -8.843586e-01 -1.618783e-01
    outer loop
      vertex   1.930937e-03 -4.455033e-03 -1.193385e-03
      vertex   2.596292e-03 -4.200889e-03 -7.821723e-04
      vertex   1.998035e-03 -4.564912e-03 -4.116179e-04
    endloop
  endfacet
  facet normal  4.378416e-01 -8.843585e-01  1.618782e-01
    outer loop
      vertex   1.998035e-03 -4.564912e-03  4.116179e-04
      vertex   2.596292e-03 -4.200889e-03  7.821723e-04
      vertex   1.930937e-03 -4.455033e-03  1.193385e-03
    endloop
  endfacet
  facet normal -1.759164e-01 -9.844051e-01 -0.000000e+00
    outer loop
      vertex  -6.653556e-04 -4.938442e-03  4.112123e-04
      vertex  -1.332024e-03 -4.819306e-03  0.000000e+00
      vertex  -6.653556e-04 -4.938442e-03 -4.112123e-04
    endloop
  endfacet
  facet normal -4.378416e-01 -8.843586e-01  1.618783e-01
    outer loop
      vertex  -1.930937e-03 -4.455033e-03  1.193385e-03
      vertex  -2.596292e-03 -4.200889e-03  7.821723e-04
      vertex  -1.998035e-03 -4.564912e-03  4.116179e-04
    endloop
  endfacet
  facet normal -4.378416e-01 -8.843585e-01 -1.618782e-01
    outer loop
      vertex  -1.998035e-03 -4.564912e-03 -4.116179e-04
      vertex  -2.596292e-03 -4.200889e-03 -7.821723e-04
      vertex  -1.930937e-03 -4.455033e-03 -1.193385e-03
    endloop
  endfacet
  facet normal  9.844051e-01  0.000000e+00 -1.759164e-01
    outer loop
      vertex   4.938442e-03 -4.112123e-04 -6.653556e-04
      vertex   4.819306e-03  0.000000e+00 -1.332024e-03
      vertex   4.938442e-03  4.112123e-04 -6.653556e-04
    endloop
  endfacet
  facet normal  8.843586e-01 -1.618783e-01 -4.378416e-01
    outer loop
      vertex   4.455033e-03 -1.193385e-03 -1.930937e-03
      vertex   4.200889e-03 -7.821723e-04 -2.596292e-03
      vertex   4.564912e-03 -4.116179e-04 -1.998035e-03
    endloop
  endfacet
  facet normal  8.843586e-01  1.618783e-01 -4.378416e-01
    outer loop
      vertex   4.564912e-03  4.116179e-04 -1.998035e-03
      vertex   4.200889e-03  7.821723e-04 -2.596292e-03
      vertex   4.455033e-03  1.193385e-03 -1.930937e-03
    endloop
  endfacet
  facet normal  9.844051e-01  0.000000e+00  1.759164e-01
    outer loop
      vertex   4.938442e-03  4.112123e-04  6.653556e-04
      vertex   4.819306e-03  0.000000e+00  1.332024e-03
      vertex   4.938442e-03 -4.112123e-04  6.653556e-04
    endloop
  endfacet
  facet normal  8.843586e-01  1.618783e-01  4.378416e-01
    outer loop
      vertex   4.455033e-03  1.193385e-03  1.930937e-03
      vertex   4.200889e-03  7.821723e-04  2.596292e-03
      vertex   4.564912e-03  4.116179e-04  1.998035e-03
    endloop
  endfacet
  facet normal  8.843586e-01 -1.618783e-01  4.378416e-01
    outer loop
      vertex   4.564912e-03 -4.116179e-04  1.998035e-03
      vertex   4.200889e-03 -7.821723e-04  2.596292e-03
      vertex   4.455033e-03 -1.193385e-03  1.930937e-03
    endloop
  endfacet
  facet normal -9.844051e-01  0.000000e+00  1.759164e-01
    outer loop
      vertex  -4.938442e-03 -4.112123e-04  6.653556e-04
      vertex  -4.819306e-03  0.000000e+00  1.332024e-03
      vertex  -4.938442e-03  4.112123e-04  6.653556e-04
    endloop
  endfacet
  facet normal -8.843586e-01 -1.618783e-01  4.378416e-01
    outer loop
      vertex  -4.455033e-03 -1.193385e-03  1.930937e-03
      vertex  -4.200889e-03 -7.821723e-04  2.596292e-03
      vertex  -4.564912e-03 -4.116179e-04  1.998035e-03
    endloop
  endfacet
  facet normal -8.843586e-01  1.618783e-01  4.378416e-01
    outer loop
      vertex  -4.564912e-03  4.116179e-04  1.998035e-03
      vertex  -4.200889e-03  7.821723e-04  2.596292e-03
      vertex  -4.455033e-03  1.193385e-03  1.930937e-03
    endloop
  endfacet
  facet normal -9.844051e-01 -0.000000e+00 -1.759164e-01
    outer loop
      vertex  -4.938442e-03  4.112123e-04 -6.653556e-04
      vertex  -4.819306e-03  0.000000e+00 -1.332024e-03
      vertex  -4.938442e-03 -4.112123e-04 -6.653556e-04
    endloop
  endfacet
  facet normal -8.843586e-01  1.618783e-01 -4.378416e-01
    outer loop
      vertex  -4.455033e-03  1.193385e-03 -1.930937e-03
      vertex  -4.200889e-03  7.821723e-04 -2.596292e-03
      vertex  -4.564912e-03  4.116179e-04 -1.998035e-03
    endloop
  endfacet
  facet normal -8.843586e-01 -1.618783e-01 -4.378416e-01
    outer loop
      vertex  -4.564912e-03 -4.116179e-04 -1.998035e-03
      vertex  -4.200889e-03 -7.821723e-04 -2.596292e-03
      vertex  -4.455033e-03 -1.193385e-03 -1.930937e-03
    endloop
  endfacet
  facet normal  0.000000e+00 -1.759164e-01  9.844051e-01
    outer loop
      vertex  -4.112123e-04 -6.653556e-04  4.938442e-03
      vertex   0.000000e+00 -1.332024e-03  4.819306e-03
      vertex   4.112123e-04 -6.653556e-04  4.938442e-03
    endloop
  endfacet
  facet normal -1.618783e-01 -4.378416e-01  8.843586e-01
    outer loop
      vertex  -1.193385e-03 -1.930937e-03  4.455033e-03
      vertex  -7.821723e-04 -2.596292e-03  4.200889e-03
      vertex  -4.116179e-04 -1.998035e-03  4.564912e-03
    endloop
  endfacet
  facet normal  1.618783e-01 -4.378416e-01  8.843586e-01
    outer loop
      vertex   4.116179e-04 -1.998035e-03  4.564912e-03
      vertex   7.821723e-04 -2.596292e-03  4.200889e-03
      vertex   1.193385e-03 -1.930937e-03  4.455033e-03
    endloop
  endfacet
  facet normal  0.000000e+00  1.759164e-01  9.844051e-01
    outer loop
      vertex   4.112123e-04  6.653556e-04  4.938442e-03
      vertex   0.000000e+00  1.332024e-03  4.819306e-03
      vertex  -4.112123e-04  6.653556e-04  4.938442e-03
    endloop
  endfacet
  facet normal  1.618783e-01  4.378416e-01  8.843586e-01
    outer loop
      vertex   1.193385e-03  1.930937e-03  4.455033e-03
      vertex   7.821723e-04  2.596292e-03  4.200889e-03
      vertex   4.116179e-04  1.998035e-03  4.564912e-03
    endloop
  endfacet
  facet normal -1.618783e-01  4.378416e-01  8.843586e-01
    outer loop
      vertex  -4.116179e-04  1.998035e-03  4.564912e-03
      vertex  -7.821723e-04  2.596292e-03  4.200889e-03
      vertex  -1.193385e-03  1.930937e-03  4.455033e-03
    endloop
  endfacet
  facet normal  0.000000e+00  1.759164e-01 -9.844051e-01
    outer loop
      vertex  -4.112123e-04  6.653556e-04 -4.938442e-03
      vertex   0.000000e+00  1.332024e-03 -4.819306e-03
      vertex   4.112123e-04  6.653556e-04 -4.938442e-03
    endloop
  endfacet
  facet normal -1.618783e-01  4.378416e-01 -8.843586e-01
    outer loop
      vertex  -1.193385e-03  1.930937e-03 -4.455033e-03
      vertex  -7.821723e-04  2.596292e-03 -4.200889e-03
      vertex  -4.116179e-04  1.998035e-03 -4.564912e-03
    endloop
  endfacet
  facet normal  1.618783e-01  4.378416e-01 -8.843586e-01
    outer loop
      vertex   4.116179e-04  1.998035e-03 -4.564912e-03
      vertex   7.821723e-04  2.596292e-03 -4.200889e-03
      vertex   1.193385e-03  1.930937e-03 -4.455033e-03
    endloop
  endfacet
  facet normal -0.000000e+00 -1.759164e-01 -9.844051e-01
    outer loop
      vertex   4.112123e-04 -6.653556e-04 -4.938442e-03
      vertex   0.000000e+00 -1.332024e-03 -4.819306e-03
      vertex  -4.112123e-04 -6.653556e-04 -4.938442e-03
    endloop
  endfacet
  facet normal  1.618783e-01 -4.378416e-01 -8.843586e-01
    outer loop
      vertex   1.193385e-03 -1.930937e-03 -4.455033e-03
      vertex   7.821723e-04 -2.596292e-03 -4.200889e-03
      vertex   4.116179e-04 -1.998035e-03 -4.564912e-03
    endloop
  endfacet
  facet normal -1.618783e-01 -4.378416e-01 -8.843586e-01
    outer loop
      vertex  -4.116179e-04 -1.998035e-03 -4.564912e-03
      vertex  -7.821723e-04 -2.596292e-03 -4.200889e-03
      vertex  -1.193385e-03 -1.930937e-03 -4.455033e-03
    endloop
  endfacet
  facet normal  4.465166e-01  5.465638e-01  7.084425e-01
    outer loop
      vertex   2.269953e-03  2.342149e-03  3.789677e-03
      vertex   2.566877e-03  2.821271e-03  3.232889e-03
      vertex   1.858740e-03  3.007505e-03  3.535534e-03
    endloop
  endfacet
  facet normal  7.084425e-01  4.465166e-01  5.465638e-01
    outer loop
      vertex   3.535534e-03  1.858740e-03  3.007505e-03
      vertex   3.789677e-03  2.269953e-03  2.342149e-03
      vertex   3.232889e-03  2.566877e-03  2.821271e-03
    endloop
  endfacet
  facet normal  5.465639e-01  7.084426e-01  4.465166e-01
    outer loop
      vertex   2.821271e-03  3.232889e-03  2.566877e-03
      vertex   3.007505e-03  3.535534e-03  1.858740e-03
      vertex   2.342149e-03  3.789677e-03  2.269953e-03
    endloop
  endfacet
  facet normal -5.465639e-01  7.084426e-01  4.465166e-01
    outer loop
      vertex  -3.007505e-03  3.535534e-03  1.858740e-03
      vertex  -2.821271e-03  3.232889e-03  2.566877e-03
      vertex  -2.342149e-03  3.789677e-03  2.269953e-03
    endloop
  endfacet
  facet normal -7.084425e-01  4.465166e-01  5.465638e-01
    outer loop
      vertex  -3.789677e-03  2.269953e-03  2.342149e-03
      vertex  -3.535534e-03  1.858740e-03  3.007505e-03
      vertex  -3.232889e-03  2.566877e-03  2.821271e-03
    endloop
  endfacet
  facet normal -4.465166e-01  5.465638e-01  7.084425e-01
    outer loop
      vertex  -2.566877e-03  2.821271e-03  3.232889e-03
      vertex  -2.269953e-03  2.342149e-03  3.789677e-03
      vertex  -1.858740e-03  3.007505e-03  3.535534e-03
    endloop
  endfacet
  facet normal  5.465639e-01  7.084426e-01 -4.465166e-01
    outer loop
      vertex   3.007505e-03  3.535534e-03 -1.858740e-03
      vertex   2.821271e-03  3.232889e-03 -2.566877e-03
      vertex   2.342149e-03  3.789677e-03 -2.269953e-03
    endloop
  endfacet
  facet normal  7.084425e-01  4.465166e-01 -5.465638e-01
    outer loop
      vertex   3.789677e-03  2.269953e-03 -2.342149e-03
      vertex   3.535534e-03  1.858740e-03 -3.007505e-03
      vertex   3.232889e-03  2.566877e-03 -2.821271e-03
    endloop
  endfacet
  facet normal  4.465166e-01  5.465638e-01 -7.084425e-01
    outer loop
      vertex   2.566877e-03  2.821271e-03 -3.232889e-03
      vertex   2.269953e-03  2.342149e-03 -3.789677e-03
      vertex   1.858740e-03  3.007505e-03 -3.535534e-03
    endloop
  endfacet
  facet normal -4.465166e-01  5.465638e-01 -7.084425e-01
    outer loop
      vertex  -2.269953e-03  2.342149e-03 -3.789677e-03
      vertex  -2.566877e-03  2.821271e-03 -3.232889e-03
      vertex  -1.858740e-03  3.007505e-03 -3.535534e-03
    endloop
  endfacet
  facet normal -7.084425e-01  4.465166e-01 -5.465638e-01
    outer loop
      vertex  -3.535534e-03  1.858740e-03 -3.007505e-03
      vertex  -3.789677e-03  2.269953e-03 -2.342149e-03
      vertex  -3.232889e-03  2.566877e-03 -2.821271e-03
    endloop
  endfacet
  facet normal -5.465639e-01  7.084426e-01 -4.465166e-01
    outer loop
      vertex  -2.821271e-03  3.232889e-03 -2.566877e-03
      vertex  -3.007505e-03  3.535534e-03 -1.858740e-03
      vertex  -2.342149e-03  3.789677e-03 -2.269953e-03
    endloop
  endfacet
  facet normal  5.465639e-01 -7.084426e-01  4.465166e-01
    outer loop
      vertex   3.007505e-03 -3.535534e-03  1.858740e-03
      vertex   2.821271e-03 -3.232889e-03  2.566877e-03
      vertex   2.342149e-03 -3.789677e-03  2.269953e-03
    endloop
  endfacet
  facet normal  7.084425e-01 -4.465166e-01  5.465638e-01
    outer loop
      vertex   3.789677e-03 -2.269953e-03  2.342149e-03
      vertex   3.535534e-03 -1.858740e-03  3.007505e-03
      vertex   3.232889e-03 -2.566877e-03  2.821271e-03
    endloop
  endfacet
  facet normal  4.465166e-01 -5.465638e-01  7.084425e-01
    outer loop
      vertex   2.566877e-03 -2.821271e-03  3.232889e-03
      vertex   2.269953e-03 -2.342149e-03  3.789677e-03
      vertex   1.858740e-03 -3.007505e-03  3.535534e-03
    endloop
  endfacet
  facet normal -4.465166e-01 -5.465638e-01  7.084425e-01
    outer loop
      vertex  -2.269953e-03 -2.342149e-03  3.789677e-03
      vertex  -2.566877e-03 -2.821271e-03  3.232889e-03
      vertex  -1.858740e-03 -3.007505e-03  3.535534e-03
    endloop
  endfacet
  facet normal -7.084425e-01 -4.465166e-01  5.465638e-01
    outer loop
      vertex  -3.535534e-03 -1.858740e-03  3.007505e-03
      vertex  -3.789677e-03 -2.269953e-03  2.342149e-03
      vertex  -3.232889e-03 -2.566877e-03  2.821271e-03
    endloop
  endfacet
  facet normal -5.465639e-01 -7.084426e-01  4.465166e-01
    outer loop
      vertex  -2.821271e-03 -3.232889e-03  2.566877e-03
      vertex  -3.007505e-03 -3.535534e-03  1.858740e-03
      vertex  -2.342149e-03 -3.789677e-03  2.269953e-03
    endloop
  endfacet
  facet normal  4.465166e-01 -5.465638e-01 -7.084425e-01
    outer loop
      vertex   2.269953e-03 -2.342149e-03 -3.789677e-03
      vertex   2.566877e-03 -2.821271e-03 -3.232889e-03
      vertex   1.858740e-03 -3.007505e-03 -3.535534e-03
    endloop
  endfacet
  facet normal  7.084425e-01 -4.465166e-01 -5.465638e-01
    outer loop
      vertex   3.535534e-03 -1.858740e-03 -3.007505e-03
      vertex   3.789677e-03 -2.269953e-03 -2.342149e-03
      vertex   3.232889e-03 -2.566877e-03 -2.821271e-03
    endloop
  endfacet
  facet normal  5.465639e-01 -7.084426e-01 -4.465166e-01
    outer loop
      vertex   2.821271e-03 -3.232889e-03 -2.566877e-03
      vertex   3.007505e-03 -3.535534e-03 -1.858740e-03
      vertex   2.342149e-03 -3.789677e-03 -2.269953e-03
    endloop
  endfacet
  facet normal -5.465639e-01 -7.084426e-01 -4.465166e-01
    outer loop
      vertex  -3.007505e-03 -3.535534e-03 -1.858740e-03
      vertex  -2.821271e-03 -3.232889e-03 -2.566877e-03
      vertex  -2.342149e-03 -3.789677e-03 -2.269953e-03
    endloop
  endfacet
  facet normal -7.084425e-01 -4.465166e-01 -5.465638e-01
    outer loop
      vertex  -3.789677e-03 -2.269953e-03 -2.342149e-03
      vertex  -3.535534e-03 -1.858740e-03 -3.007505e-03
      vertex  -3.232889e-03 -2.566877e-03 -2.821271e-03
    endloop
  endfacet
  facet normal -4.465166e-01 -5.465638e-01 -7.084425e-01
    outer loop
      vertex  -2.566877e-03 -2.821271e-03 -3.232889e-03
      vertex  -2.269953e-03 -2.342149e-03 -3.789677e-03
      vertex  -1.858740e-03 -3.007505e-03 -3.535534e-03
    endloop
  endfacet
  facet normal  8.207045e-02  9.017047e-01 -4.244915e-01
    outer loop
      vertex   0.000000e+00  4.575217e-03 -2.016777e-03
      vertex   6.582768e-04  4.621523e-03 -1.791144e-03
      vertex   6.560019e-04  4.324647e-03 -2.422208e-03
    endloop
  endfacet
  facet normal  8.410235e-02  9.847538e-01 -1.522722e-01
    outer loop
      vertex   0.000000e+00  4.952194e-03 -6.897612e-04
      vertex   6.653556e-04  4.938442e-03 -4.112123e-04
      vertex   6.639624e-04  4.831963e-03 -1.100585e-03
    endloop
  endfacet
  facet normal  3.431960e-01  8.857887e-01 -3.124017e-01
    outer loop
      vertex   1.320414e-03  4.581220e-03 -1.506294e-03
      vertex   1.930937e-03  4.455033e-03 -1.193385e-03
      vertex   1.918069e-03  4.219557e-03 -1.875193e-03
    endloop
  endfacet
  facet normal  8.410235e-02  9.847538e-01  1.522722e-01
    outer loop
      vertex   0.000000e+00  4.952194e-03  6.897612e-04
      vertex   6.639624e-04  4.831963e-03  1.100585e-03
      vertex   6.653556e-04  4.938442e-03  4.112123e-04
    endloop
  endfacet
  facet normal  8.207045e-02  9.017047e-01  4.244915e-01
    outer loop
      vertex   0.000000e+00  4.575217e-03  2.016777e-03
      vertex   6.560019e-04  4.324647e-03  2.422208e-03
      vertex   6.582768e-04  4.621523e-03  1.791144e-03
    endloop
  endfacet
  facet normal  3.431960e-01  8.857887e-01  3.124017e-01
    outer loop
      vertex   1.320414e-03  4.581220e-03  1.506294e-03
      vertex   1.918069e-03  4.219557e-03  1.875193e-03
      vertex   1.930937e-03  4.455033e-03  1.193385e-03
    endloop
  endfacet
  facet normal  5.895786e-01  7.916791e-01 -1.601287e-01
    outer loop
      vertex   2.596292e-03  4.200889e-03 -7.821723e-04
      vertex   3.101198e-03  3.901022e-03 -4.057092e-04
      vertex   3.034126e-03  3.793261e-03 -1.185431e-03
    endloop
  endfacet
  facet normal  5.895786e-01  7.916791e-01  1.601287e-01
    outer loop
      vertex   2.596292e-03  4.200889e-03  7.821723e-04
      vertex   3.034126e-03  3.793261e-03  1.185431e-03
      vertex   3.101198e-03  3.901022e-03  4.057092e-04
    endloop
  endfacet
  facet normal  7.689118e-01  6.393548e-01  0.000000e+00
    outer loop
      vertex   3.556408e-03  3.514535e-03  0.000000e+00
      vertex   3.919215e-03  3.078210e-03  4.054314e-04
      vertex   3.919215e-03  3.078210e-03 -4.054314e-04
    endloop
  endfacet
  facet normal -8.207045e-02  9.017047e-01  4.244915e-01
    outer loop
      vertex   0.000000e+00  4.575217e-03  2.016777e-03
      vertex  -6.582768e-04  4.621523e-03  1.791144e-03
      vertex  -6.560019e-04  4.324647e-03  2.422208e-03
    endloop
  endfacet
  facet normal -8.410235e-02  9.847538e-01  1.522722e-01
    outer loop
      vertex   0.000000e+00  4.952194e-03  6.897612e-04
      vertex  -6.653556e-04  4.938442e-03  4.112123e-04
      vertex  -6.639624e-04  4.831963e-03  1.100585e-03
    endloop
  endfacet
  facet normal -3.431960e-01  8.857887e-01  3.124017e-01
    outer loop
      vertex  -1.320414e-03  4.581220e-03  1.506294e-03
      vertex  -1.930937e-03  4.455033e-03  1.193385e-03
      vertex  -1.918069e-03  4.219557e-03  1.875193e-03
    endloop
  endfacet
